-0.004342	0.000000	0.004342	0.008694	0.013068	0.017472	0.021914	0.026400	0.030933	0.035511	0.040133	0.044791	0.049474	0.054168	0.058857	0.063517	0.068126	0.072654	0.077073	0.081351	0.085455	0.089349	0.093000	0.096375	0.099441	0.102167	0.104526	0.106493	0.108047	0.109170	0.109852	0.110084	0.109865	0.109197	0.108087	0.106550	0.104602	0.102264	0.099563	0.096527	0.093187	0.089576	0.085730	0.081683	0.077471	0.073127	0.068686	0.064178	0.059633	0.055074	0.050526	0.046008	0.041533	0.037115	0.032760	0.028472	0.024252	0.020096	0.015999	0.011953	0.007946	0.003966	0.000000	-0.003966	
-0.004367	0.000000	0.004367	0.008745	0.013144	0.017575	0.022043	0.026555	0.031114	0.035720	0.040368	0.045053	0.049764	0.054486	0.059202	0.063890	0.068525	0.073081	0.077526	0.081829	0.085956	0.089873	0.093546	0.096941	0.100025	0.102767	0.105140	0.107118	0.108681	0.109811	0.110497	0.110730	0.110510	0.109837	0.108722	0.107175	0.105215	0.102864	0.100147	0.097093	0.093733	0.090102	0.086233	0.082162	0.077925	0.073557	0.069089	0.064555	0.059983	0.055398	0.050823	0.046278	0.041777	0.037333	0.032952	0.028639	0.024394	0.020214	0.016093	0.012023	0.007992	0.003989	0.000000	-0.003989	
-0.004443	0.000000	0.004443	0.008898	0.013374	0.017881	0.022428	0.027019	0.031657	0.036343	0.041073	0.045840	0.050633	0.055437	0.060235	0.065005	0.069722	0.074356	0.078879	0.083257	0.087456	0.091442	0.095179	0.098633	0.101771	0.104561	0.106975	0.108988	0.110578	0.111728	0.112426	0.112663	0.112439	0.111755	0.110619	0.109046	0.107052	0.104660	0.101895	0.098788	0.095370	0.091675	0.087738	0.083597	0.079286	0.074841	0.070295	0.065682	0.061030	0.056365	0.051710	0.047086	0.042506	0.037984	0.033527	0.029139	0.024820	0.020567	0.016374	0.012233	0.008132	0.004059	0.000000	-0.004059	
-0.004570	0.000000	0.004570	0.009151	0.013754	0.018390	0.023066	0.027788	0.032558	0.037377	0.042242	0.047144	0.052074	0.057015	0.061949	0.066855	0.071705	0.076472	0.081124	0.085626	0.089945	0.094044	0.097887	0.101440	0.104667	0.107536	0.110019	0.112089	0.113724	0.114907	0.115625	0.115869	0.115638	0.114935	0.113767	0.112149	0.110098	0.107638	0.104795	0.101599	0.098083	0.094283	0.090235	0.085975	0.081542	0.076970	0.072296	0.067551	0.062766	0.057969	0.053182	0.048425	0.043716	0.039065	0.034481	0.029968	0.025526	0.021152	0.016840	0.012581	0.008363	0.004174	0.000000	-0.004174	
-0.004745	0.000000	0.004745	0.009503	0.014283	0.019097	0.023953	0.028856	0.033810	0.038814	0.043866	0.048957	0.054076	0.059207	0.064331	0.069425	0.074462	0.079412	0.084243	0.088918	0.093403	0.097660	0.101651	0.105340	0.108691	0.111671	0.114249	0.116399	0.118097	0.119325	0.120070	0.120324	0.120084	0.119354	0.118141	0.116461	0.114331	0.111776	0.108824	0.105505	0.101854	0.097908	0.093704	0.089281	0.084677	0.079929	0.075075	0.070148	0.065179	0.060197	0.055226	0.050287	0.045397	0.040567	0.035807	0.031120	0.026508	0.021965	0.017488	0.013064	0.008685	0.004335	0.000000	-0.004335	
-0.004969	0.000000	0.004969	0.009950	0.014956	0.019997	0.025082	0.030216	0.035403	0.040644	0.045933	0.051264	0.056624	0.061997	0.067363	0.072697	0.077971	0.083155	0.088212	0.093109	0.097805	0.102262	0.106441	0.110304	0.113813	0.116933	0.119633	0.121884	0.123662	0.124948	0.125728	0.125994	0.125743	0.124978	0.123708	0.121949	0.119719	0.117044	0.113952	0.110477	0.106654	0.102522	0.098120	0.093488	0.088667	0.083696	0.078613	0.073454	0.068251	0.063034	0.057829	0.052657	0.047536	0.042479	0.037494	0.032587	0.027757	0.023001	0.018312	0.013680	0.009094	0.004539	0.000000	-0.004539	
-0.005239	0.000000	0.005239	0.010491	0.015769	0.021083	0.026444	0.031857	0.037326	0.042851	0.048428	0.054048	0.059699	0.065364	0.071021	0.076645	0.082206	0.087670	0.093003	0.098165	0.103116	0.107815	0.112221	0.116294	0.119993	0.123283	0.126130	0.128503	0.130377	0.131733	0.132556	0.132836	0.132571	0.131765	0.130426	0.128571	0.126220	0.123400	0.120140	0.116477	0.112446	0.108090	0.103448	0.098565	0.093482	0.088241	0.082882	0.077443	0.071957	0.066457	0.060969	0.055516	0.050117	0.044786	0.039530	0.034356	0.029264	0.024250	0.019306	0.014423	0.009588	0.004785	0.000000	-0.004785	
-0.005553	0.000000	0.005553	0.011120	0.016714	0.022347	0.028028	0.033766	0.039563	0.045419	0.051330	0.057287	0.063277	0.069281	0.075277	0.081238	0.087132	0.092924	0.098576	0.104048	0.109296	0.114277	0.118947	0.123263	0.127184	0.130671	0.133688	0.136204	0.138191	0.139628	0.140500	0.140797	0.140516	0.139661	0.138243	0.136276	0.133784	0.130795	0.127340	0.123457	0.119185	0.114567	0.109648	0.104472	0.099084	0.093529	0.087849	0.082084	0.076270	0.070440	0.064623	0.058844	0.053121	0.047470	0.041899	0.036415	0.031018	0.025703	0.020463	0.015287	0.010162	0.005072	0.000000	-0.005072	
-0.005908	0.000000	0.005908	0.011832	0.017784	0.023777	0.029823	0.035928	0.042096	0.048327	0.054616	0.060955	0.067328	0.073717	0.080097	0.086440	0.092711	0.098874	0.104888	0.110710	0.116294	0.121594	0.126563	0.131156	0.135328	0.139038	0.142249	0.144925	0.147039	0.148569	0.149496	0.149812	0.149514	0.148604	0.147095	0.145002	0.142351	0.139170	0.135494	0.131362	0.126817	0.121903	0.116669	0.111161	0.105429	0.099518	0.093474	0.087340	0.081153	0.074950	0.068761	0.062611	0.056522	0.050509	0.044582	0.038747	0.033004	0.027349	0.021773	0.016266	0.010813	0.005397	0.000000	-0.005397	
-0.006303	0.000000	0.006303	0.012621	0.018970	0.025364	0.031813	0.038325	0.044905	0.051552	0.058261	0.065022	0.071821	0.078636	0.085442	0.092208	0.098898	0.105472	0.111887	0.118098	0.124054	0.129708	0.135008	0.139908	0.144358	0.148316	0.151741	0.154596	0.156851	0.158482	0.159472	0.159809	0.159491	0.158520	0.156910	0.154678	0.151850	0.148456	0.144535	0.140127	0.135279	0.130037	0.124454	0.118579	0.112464	0.106159	0.099712	0.093168	0.086569	0.079951	0.073349	0.066789	0.060294	0.053880	0.047557	0.041333	0.035206	0.029174	0.023226	0.017352	0.011535	0.005757	0.000000	-0.005757	
-0.006732	0.000000	0.006732	0.013481	0.020264	0.027093	0.033982	0.040938	0.047966	0.055066	0.062232	0.069455	0.076717	0.083997	0.091266	0.098493	0.105639	0.112662	0.119514	0.126148	0.132510	0.138549	0.144212	0.149445	0.154199	0.158426	0.162084	0.165134	0.167543	0.169286	0.170343	0.170703	0.170362	0.169326	0.167606	0.165222	0.162201	0.158576	0.154388	0.149679	0.144500	0.138902	0.132937	0.126662	0.120130	0.113395	0.106509	0.099519	0.092470	0.085402	0.078349	0.071342	0.064404	0.057552	0.050799	0.044150	0.037606	0.031162	0.024809	0.018534	0.012321	0.006150	0.000000	-0.006150	
-0.007193	0.000000	0.007193	0.014405	0.021652	0.028949	0.036310	0.043743	0.051253	0.058839	0.066497	0.074214	0.081974	0.089752	0.097520	0.105242	0.112878	0.120381	0.127704	0.134791	0.141590	0.148043	0.154093	0.159685	0.164764	0.169282	0.173190	0.176449	0.179023	0.180885	0.182014	0.182399	0.182036	0.180928	0.179090	0.176543	0.173315	0.169442	0.164966	0.159936	0.154401	0.148419	0.142046	0.135341	0.128362	0.121165	0.113807	0.106338	0.098806	0.091253	0.083718	0.076231	0.068817	0.061496	0.054280	0.047175	0.040183	0.033297	0.026509	0.019804	0.013165	0.006571	0.000000	-0.006571	
-0.007682	0.000000	0.007682	0.015384	0.023123	0.030917	0.038778	0.046716	0.054736	0.062838	0.071015	0.079257	0.087544	0.095851	0.104147	0.112394	0.120548	0.128562	0.136382	0.143952	0.151212	0.158103	0.164565	0.170536	0.175961	0.180786	0.184960	0.188440	0.191189	0.193178	0.194384	0.194795	0.194406	0.193224	0.191261	0.188540	0.185093	0.180957	0.176177	0.170804	0.164894	0.158505	0.151699	0.144538	0.137085	0.129399	0.121541	0.113564	0.105520	0.097455	0.089407	0.081411	0.073494	0.065675	0.057969	0.050381	0.042914	0.035560	0.028311	0.021150	0.014060	0.007018	0.000000	-0.007018	
-0.008194	0.000000	0.008194	0.016409	0.024664	0.032977	0.041362	0.049829	0.058383	0.067025	0.075748	0.084539	0.093378	0.102239	0.111087	0.119884	0.128582	0.137129	0.145470	0.153544	0.161289	0.168639	0.175531	0.181901	0.187687	0.192833	0.197285	0.200997	0.203929	0.206050	0.207337	0.207775	0.207361	0.206100	0.204006	0.201104	0.197427	0.193015	0.187917	0.182186	0.175882	0.169068	0.161808	0.154170	0.146220	0.138022	0.129640	0.121132	0.112552	0.103949	0.095365	0.086836	0.078391	0.070051	0.061831	0.053739	0.045773	0.037930	0.030197	0.022560	0.014997	0.007485	0.000000	-0.007485	
-0.008724	0.000000	0.008724	0.017471	0.026260	0.035111	0.044038	0.053053	0.062161	0.071362	0.080649	0.090009	0.099420	0.108854	0.118275	0.127641	0.136901	0.146002	0.154882	0.163479	0.171724	0.179550	0.186888	0.193670	0.199831	0.205310	0.210050	0.214002	0.217124	0.219383	0.220752	0.221219	0.220778	0.219435	0.217206	0.214116	0.210201	0.205504	0.200076	0.193974	0.187262	0.180007	0.172278	0.164145	0.155681	0.146953	0.138028	0.128970	0.119834	0.110675	0.101535	0.092455	0.083463	0.074584	0.065832	0.057216	0.048735	0.040384	0.032151	0.024019	0.015967	0.007970	0.000000	-0.007970	
-0.009268	0.000000	0.009268	0.018559	0.027896	0.037297	0.046780	0.056356	0.066032	0.075806	0.085671	0.095614	0.105611	0.115633	0.125641	0.135589	0.145427	0.155094	0.164528	0.173660	0.182418	0.190732	0.198527	0.205731	0.212275	0.218095	0.223131	0.227329	0.230646	0.233044	0.234500	0.234995	0.234527	0.233100	0.230732	0.227450	0.223291	0.218302	0.212535	0.206054	0.198924	0.191217	0.183006	0.174367	0.165376	0.156104	0.146624	0.137001	0.127297	0.117567	0.107858	0.098212	0.088661	0.079229	0.069932	0.060779	0.051770	0.042899	0.034154	0.025515	0.016961	0.008466	0.000000	-0.008466	
-0.009819	0.000000	0.009819	0.019662	0.029554	0.039515	0.049562	0.059707	0.069957	0.080313	0.090765	0.101299	0.111890	0.122508	0.133110	0.143651	0.154073	0.164315	0.174310	0.183984	0.193264	0.202072	0.210330	0.217962	0.224896	0.231062	0.236397	0.240845	0.244358	0.246900	0.248441	0.248967	0.248470	0.246959	0.244450	0.240973	0.236567	0.231281	0.225172	0.218305	0.210751	0.202586	0.193887	0.184734	0.175208	0.165385	0.155341	0.145146	0.134865	0.124557	0.114271	0.104051	0.093932	0.083939	0.074090	0.064392	0.054848	0.045450	0.036184	0.027032	0.017970	0.008969	0.000000	-0.008969	
-0.010372	0.000000	0.010372	0.020770	0.031219	0.041740	0.052353	0.063070	0.073898	0.084836	0.095877	0.107004	0.118193	0.129408	0.140608	0.151742	0.162751	0.173570	0.184128	0.194347	0.204150	0.213454	0.222177	0.230239	0.237564	0.244077	0.249712	0.254411	0.258122	0.260807	0.262435	0.262990	0.262466	0.260869	0.258219	0.254546	0.249892	0.244308	0.237855	0.230601	0.222622	0.213996	0.204808	0.195140	0.185077	0.174701	0.164091	0.153322	0.142462	0.131572	0.120707	0.109912	0.099223	0.088667	0.078263	0.068019	0.057937	0.048010	0.038222	0.028555	0.018982	0.009474	0.000000	-0.009474	
-0.010921	0.000000	0.010921	0.021870	0.032872	0.043951	0.055126	0.066410	0.077812	0.089329	0.100955	0.112671	0.124452	0.136261	0.148054	0.159778	0.171370	0.182762	0.193879	0.204640	0.214961	0.224758	0.233943	0.242433	0.250145	0.257003	0.262937	0.267884	0.271792	0.274619	0.276334	0.276918	0.276366	0.274685	0.271894	0.268027	0.263126	0.257246	0.250451	0.242813	0.234412	0.225329	0.215654	0.205474	0.194878	0.183953	0.172781	0.161442	0.150006	0.138540	0.127100	0.115733	0.104478	0.093363	0.082407	0.071621	0.061005	0.050552	0.040246	0.030067	0.019987	0.009976	0.000000	-0.009976	
-0.011461	0.000000	0.011461	0.022950	0.034496	0.046123	0.057850	0.069692	0.081656	0.093743	0.105943	0.118238	0.130601	0.142994	0.155369	0.167672	0.179837	0.191792	0.203458	0.214751	0.225582	0.235863	0.245502	0.254411	0.262504	0.269701	0.275928	0.281119	0.285221	0.288187	0.289986	0.290600	0.290020	0.288256	0.285328	0.281269	0.276126	0.269956	0.262825	0.254810	0.245993	0.236462	0.226309	0.215626	0.204507	0.193041	0.181318	0.169418	0.157418	0.145385	0.133380	0.121451	0.109640	0.097976	0.086479	0.075160	0.064020	0.053050	0.042235	0.031553	0.020975	0.010469	0.000000	-0.010469	
-0.011985	0.000000	0.011985	0.024000	0.036073	0.048231	0.060494	0.072878	0.085389	0.098028	0.110786	0.123643	0.136571	0.149531	0.162472	0.175338	0.188059	0.200560	0.212759	0.224568	0.235895	0.246645	0.256725	0.266041	0.274504	0.282030	0.288542	0.293971	0.298260	0.301362	0.303243	0.303885	0.303279	0.301434	0.298372	0.294128	0.288750	0.282297	0.274841	0.266459	0.257239	0.247272	0.236655	0.225484	0.213856	0.201866	0.189607	0.177163	0.164614	0.152032	0.139477	0.127003	0.114652	0.102455	0.090432	0.078596	0.066946	0.055475	0.044166	0.032995	0.021934	0.010948	0.000000	-0.010948	
-0.012487	0.000000	0.012487	0.025006	0.037585	0.050253	0.063030	0.075932	0.088968	0.102137	0.115430	0.128826	0.142296	0.155799	0.169283	0.182687	0.195942	0.208967	0.221678	0.233981	0.245783	0.256984	0.267486	0.277193	0.286011	0.293852	0.300637	0.306294	0.310762	0.313994	0.315955	0.316623	0.315991	0.314069	0.310879	0.306457	0.300853	0.294130	0.286361	0.277628	0.268022	0.257638	0.246575	0.234935	0.222820	0.210328	0.197555	0.184589	0.171515	0.158404	0.145324	0.132327	0.119458	0.106749	0.094223	0.081891	0.069753	0.057800	0.046017	0.034378	0.022853	0.011406	0.000000	-0.011406	
-0.012962	0.000000	0.012962	0.025957	0.039015	0.052164	0.065428	0.078821	0.092353	0.106023	0.119821	0.133727	0.147709	0.161725	0.175722	0.189637	0.203396	0.216916	0.230110	0.242882	0.255133	0.266760	0.277662	0.287738	0.296891	0.305031	0.312073	0.317945	0.322584	0.325939	0.327974	0.328667	0.328012	0.326017	0.322705	0.318115	0.312298	0.305319	0.297255	0.288190	0.278218	0.267438	0.255955	0.243873	0.231296	0.218329	0.205070	0.191611	0.178039	0.164430	0.150852	0.137361	0.124002	0.110810	0.097808	0.085006	0.072406	0.059999	0.047768	0.035686	0.023722	0.011840	0.000000	-0.011840	
-0.013404	0.000000	0.013404	0.026842	0.040346	0.053944	0.067659	0.081509	0.095503	0.109639	0.123908	0.138288	0.152747	0.167241	0.181716	0.196105	0.210333	0.224315	0.237959	0.251166	0.263835	0.275858	0.287132	0.297552	0.307017	0.315434	0.322717	0.328789	0.333586	0.337056	0.339160	0.339877	0.339200	0.337136	0.333711	0.328965	0.322949	0.315733	0.307393	0.298019	0.287707	0.276560	0.264685	0.252190	0.239185	0.225776	0.212064	0.198147	0.184112	0.170039	0.155997	0.142046	0.128231	0.114590	0.101143	0.087905	0.074876	0.062046	0.049397	0.036903	0.024532	0.012244	0.000000	-0.012244	
-0.013808	0.000000	0.013808	0.027651	0.041561	0.055569	0.069698	0.083965	0.098380	0.112943	0.127641	0.142455	0.157350	0.172281	0.187191	0.202014	0.216671	0.231074	0.245129	0.258735	0.271785	0.284171	0.295784	0.306517	0.316268	0.324939	0.332441	0.338697	0.343638	0.347212	0.349380	0.350118	0.349420	0.347295	0.343767	0.338877	0.332681	0.325247	0.316656	0.306999	0.296376	0.284893	0.272660	0.259789	0.246392	0.232579	0.218454	0.204117	0.189659	0.175162	0.160698	0.146326	0.132095	0.118042	0.104191	0.090554	0.077132	0.063915	0.050885	0.038015	0.025271	0.012613	0.000000	-0.012613	
-0.014169	0.000000	0.014169	0.028373	0.042647	0.057021	0.071519	0.086159	0.100951	0.115894	0.130977	0.146177	0.161461	0.176783	0.192083	0.207293	0.222332	0.237112	0.251535	0.265496	0.278886	0.291596	0.303513	0.314527	0.324532	0.333430	0.341128	0.347547	0.352617	0.356285	0.358509	0.359267	0.358551	0.356370	0.352750	0.347732	0.341374	0.333746	0.324930	0.315021	0.304121	0.292338	0.279785	0.266578	0.252831	0.238656	0.224163	0.209451	0.194615	0.179739	0.164897	0.150150	0.135547	0.121127	0.106914	0.092920	0.079147	0.065585	0.052215	0.039008	0.025931	0.012943	0.000000	-0.012943	
-0.014482	0.000000	0.014482	0.029001	0.043590	0.058282	0.073101	0.088065	0.103183	0.118456	0.133873	0.149410	0.165032	0.180692	0.196330	0.211876	0.227249	0.242355	0.257096	0.271366	0.285053	0.298044	0.310224	0.321482	0.331709	0.340803	0.348671	0.355232	0.360414	0.364163	0.366437	0.367211	0.366479	0.364250	0.360550	0.355421	0.348922	0.341125	0.332115	0.321987	0.310845	0.298802	0.285972	0.272472	0.258421	0.243934	0.229119	0.214082	0.198919	0.183714	0.168543	0.153470	0.138544	0.123805	0.109278	0.094975	0.080897	0.067036	0.053370	0.039871	0.026504	0.013229	0.000000	-0.013229	
-0.014744	0.000000	0.014744	0.029525	0.044379	0.059336	0.074423	0.089657	0.105049	0.120599	0.136294	0.152112	0.168016	0.183959	0.199881	0.215708	0.231358	0.246738	0.261746	0.276274	0.290208	0.303434	0.315834	0.327296	0.337707	0.346966	0.354977	0.361656	0.366932	0.370748	0.373063	0.373852	0.373107	0.370837	0.367070	0.361849	0.355232	0.347294	0.338121	0.327810	0.316467	0.304205	0.291143	0.277400	0.263095	0.248345	0.233263	0.217954	0.202516	0.187036	0.171591	0.156245	0.141050	0.126044	0.111254	0.096692	0.082360	0.068248	0.054335	0.040592	0.026984	0.013468	0.000000	-0.013468	
-0.014951	0.000000	0.014951	0.029940	0.045003	0.060170	0.075469	0.090917	0.106526	0.122294	0.138209	0.154249	0.170377	0.186545	0.202690	0.218740	0.234610	0.250206	0.265425	0.280156	0.294287	0.307698	0.320273	0.331896	0.342454	0.351842	0.359966	0.366739	0.372089	0.375959	0.378307	0.379106	0.378351	0.376049	0.372229	0.366934	0.360225	0.352175	0.342873	0.332417	0.320915	0.308481	0.295235	0.281299	0.266792	0.251835	0.236541	0.221017	0.205362	0.189665	0.174003	0.158441	0.143032	0.127816	0.112818	0.098051	0.083518	0.069207	0.055098	0.041163	0.027363	0.013658	0.000000	-0.013658	
-0.015101	0.000000	0.015101	0.030240	0.045454	0.060773	0.076225	0.091829	0.107594	0.123520	0.139595	0.155796	0.172086	0.188415	0.204722	0.220933	0.236962	0.252715	0.268086	0.282966	0.297238	0.310784	0.323485	0.335224	0.345887	0.355370	0.363575	0.370416	0.375820	0.379729	0.382100	0.382908	0.382145	0.379820	0.375962	0.370614	0.363837	0.355707	0.346311	0.335750	0.324133	0.311574	0.298196	0.284119	0.269468	0.254361	0.238913	0.223233	0.207421	0.191567	0.175747	0.160030	0.144466	0.129097	0.113949	0.099035	0.084355	0.069901	0.055651	0.041575	0.027637	0.013794	0.000000	-0.013794	
-0.015192	0.000000	0.015192	0.030422	0.045727	0.061138	0.076683	0.092381	0.108240	0.124262	0.140434	0.156732	0.173120	0.189547	0.205952	0.222260	0.238386	0.254233	0.269697	0.284666	0.299024	0.312651	0.325428	0.337238	0.347965	0.357505	0.365760	0.372642	0.378078	0.382010	0.384396	0.385208	0.384440	0.382102	0.378220	0.372840	0.366023	0.357844	0.348392	0.337767	0.326080	0.313446	0.299987	0.285826	0.271087	0.255889	0.240348	0.224575	0.208668	0.192718	0.176803	0.160991	0.145334	0.129873	0.114634	0.099630	0.084862	0.070321	0.055985	0.041825	0.027803	0.013877	0.000000	-0.013877	
-0.015222	0.000000	0.015222	0.030483	0.045818	0.061261	0.076837	0.092565	0.108457	0.124510	0.140715	0.157045	0.173466	0.189926	0.206364	0.222705	0.238863	0.254741	0.270236	0.285235	0.299621	0.313276	0.326079	0.337912	0.348661	0.358220	0.366491	0.373387	0.378834	0.382774	0.385164	0.385978	0.385209	0.382866	0.378976	0.373586	0.366755	0.358559	0.349088	0.338442	0.326732	0.314073	0.300587	0.286398	0.271629	0.256400	0.240829	0.225023	0.209085	0.193103	0.177157	0.161313	0.145625	0.130133	0.114863	0.099829	0.085032	0.070462	0.056097	0.041909	0.027859	0.013905	0.000000	-0.013905	
-0.015192	0.000000	0.015192	0.030422	0.045727	0.061138	0.076683	0.092381	0.108240	0.124262	0.140434	0.156732	0.173120	0.189547	0.205952	0.222260	0.238386	0.254233	0.269697	0.284666	0.299024	0.312651	0.325428	0.337238	0.347965	0.357505	0.365760	0.372642	0.378078	0.382010	0.384396	0.385208	0.384440	0.382102	0.378220	0.372840	0.366023	0.357844	0.348392	0.337767	0.326080	0.313446	0.299987	0.285826	0.271087	0.255889	0.240348	0.224575	0.208668	0.192718	0.176803	0.160991	0.145334	0.129873	0.114634	0.099630	0.084862	0.070321	0.055985	0.041825	0.027803	0.013877	0.000000	-0.013877	
-0.015101	0.000000	0.015101	0.030240	0.045454	0.060773	0.076225	0.091829	0.107594	0.123520	0.139595	0.155796	0.172086	0.188415	0.204722	0.220933	0.236962	0.252715	0.268086	0.282966	0.297238	0.310784	0.323485	0.335224	0.345887	0.355370	0.363575	0.370416	0.375820	0.379729	0.382100	0.382908	0.382145	0.379820	0.375962	0.370614	0.363837	0.355707	0.346311	0.335750	0.324133	0.311574	0.298196	0.284119	0.269468	0.254361	0.238913	0.223233	0.207421	0.191567	0.175747	0.160030	0.144466	0.129097	0.113949	0.099035	0.084355	0.069901	0.055651	0.041575	0.027637	0.013794	0.000000	-0.013794	
-0.014951	0.000000	0.014951	0.029940	0.045003	0.060170	0.075469	0.090917	0.106526	0.122294	0.138209	0.154249	0.170377	0.186545	0.202690	0.218740	0.234610	0.250206	0.265425	0.280156	0.294287	0.307698	0.320273	0.331896	0.342454	0.351842	0.359966	0.366739	0.372089	0.375959	0.378307	0.379106	0.378351	0.376049	0.372229	0.366934	0.360225	0.352175	0.342873	0.332417	0.320915	0.308481	0.295235	0.281299	0.266792	0.251835	0.236541	0.221017	0.205362	0.189665	0.174003	0.158441	0.143032	0.127816	0.112818	0.098051	0.083518	0.069207	0.055098	0.041163	0.027363	0.013658	0.000000	-0.013658	
-0.014744	0.000000	0.014744	0.029525	0.044379	0.059336	0.074423	0.089657	0.105049	0.120599	0.136294	0.152112	0.168016	0.183959	0.199881	0.215708	0.231358	0.246738	0.261746	0.276274	0.290208	0.303434	0.315834	0.327296	0.337707	0.346966	0.354977	0.361656	0.366932	0.370748	0.373063	0.373852	0.373107	0.370837	0.367070	0.361849	0.355232	0.347294	0.338121	0.327810	0.316467	0.304205	0.291143	0.277400	0.263095	0.248345	0.233263	0.217954	0.202516	0.187036	0.171591	0.156245	0.141050	0.126044	0.111254	0.096692	0.082360	0.068248	0.054335	0.040592	0.026984	0.013468	0.000000	-0.013468	
-0.014482	0.000000	0.014482	0.029001	0.043590	0.058282	0.073101	0.088065	0.103183	0.118456	0.133873	0.149410	0.165032	0.180692	0.196330	0.211876	0.227249	0.242355	0.257096	0.271366	0.285053	0.298044	0.310224	0.321482	0.331709	0.340803	0.348671	0.355232	0.360414	0.364163	0.366437	0.367211	0.366479	0.364250	0.360550	0.355421	0.348922	0.341125	0.332115	0.321987	0.310845	0.298802	0.285972	0.272472	0.258421	0.243934	0.229119	0.214082	0.198919	0.183714	0.168543	0.153470	0.138544	0.123805	0.109278	0.094975	0.080897	0.067036	0.053370	0.039871	0.026504	0.013229	0.000000	-0.013229	
-0.014169	0.000000	0.014169	0.028373	0.042647	0.057021	0.071519	0.086159	0.100951	0.115894	0.130977	0.146177	0.161461	0.176783	0.192083	0.207293	0.222332	0.237112	0.251535	0.265496	0.278886	0.291596	0.303513	0.314527	0.324532	0.333430	0.341128	0.347547	0.352617	0.356285	0.358509	0.359267	0.358551	0.356370	0.352750	0.347732	0.341374	0.333746	0.324930	0.315021	0.304121	0.292338	0.279785	0.266578	0.252831	0.238656	0.224163	0.209451	0.194615	0.179739	0.164897	0.150150	0.135547	0.121127	0.106914	0.092920	0.079147	0.065585	0.052215	0.039008	0.025931	0.012943	0.000000	-0.012943	
-0.013808	0.000000	0.013808	0.027651	0.041561	0.055569	0.069698	0.083965	0.098380	0.112943	0.127641	0.142455	0.157350	0.172281	0.187191	0.202014	0.216671	0.231074	0.245129	0.258735	0.271785	0.284171	0.295784	0.306517	0.316268	0.324939	0.332441	0.338697	0.343638	0.347212	0.349380	0.350118	0.349420	0.347295	0.343767	0.338877	0.332681	0.325247	0.316656	0.306999	0.296376	0.284893	0.272660	0.259789	0.246392	0.232579	0.218454	0.204117	0.189659	0.175162	0.160698	0.146326	0.132095	0.118042	0.104191	0.090554	0.077132	0.063915	0.050885	0.038015	0.025271	0.012613	0.000000	-0.012613	
-0.013404	0.000000	0.013404	0.026842	0.040346	0.053944	0.067659	0.081509	0.095503	0.109639	0.123908	0.138288	0.152747	0.167241	0.181716	0.196105	0.210333	0.224315	0.237959	0.251166	0.263835	0.275858	0.287132	0.297552	0.307017	0.315434	0.322717	0.328789	0.333586	0.337056	0.339160	0.339877	0.339200	0.337136	0.333711	0.328965	0.322949	0.315733	0.307393	0.298019	0.287707	0.276560	0.264685	0.252190	0.239185	0.225776	0.212064	0.198147	0.184112	0.170039	0.155997	0.142046	0.128231	0.114590	0.101143	0.087905	0.074876	0.062046	0.049397	0.036903	0.024532	0.012244	0.000000	-0.012244	
-0.012962	0.000000	0.012962	0.025957	0.039015	0.052164	0.065428	0.078821	0.092353	0.106023	0.119821	0.133727	0.147709	0.161725	0.175722	0.189637	0.203396	0.216916	0.230110	0.242882	0.255133	0.266760	0.277662	0.287738	0.296891	0.305031	0.312073	0.317945	0.322584	0.325939	0.327974	0.328667	0.328012	0.326017	0.322705	0.318115	0.312298	0.305319	0.297255	0.288190	0.278218	0.267438	0.255955	0.243873	0.231296	0.218329	0.205070	0.191611	0.178039	0.164430	0.150852	0.137361	0.124002	0.110810	0.097808	0.085006	0.072406	0.059999	0.047768	0.035686	0.023722	0.011840	0.000000	-0.011840	
-0.012487	0.000000	0.012487	0.025006	0.037585	0.050253	0.063030	0.075932	0.088968	0.102137	0.115430	0.128826	0.142296	0.155799	0.169283	0.182687	0.195942	0.208967	0.221678	0.233981	0.245783	0.256984	0.267486	0.277193	0.286011	0.293852	0.300637	0.306294	0.310762	0.313994	0.315955	0.316623	0.315991	0.314069	0.310879	0.306457	0.300853	0.294130	0.286361	0.277628	0.268022	0.257638	0.246575	0.234935	0.222820	0.210328	0.197555	0.184589	0.171515	0.158404	0.145324	0.132327	0.119458	0.106749	0.094223	0.081891	0.069753	0.057800	0.046017	0.034378	0.022853	0.011406	0.000000	-0.011406	
-0.011985	0.000000	0.011985	0.024000	0.036073	0.048231	0.060494	0.072878	0.085389	0.098028	0.110786	0.123643	0.136571	0.149531	0.162472	0.175338	0.188059	0.200560	0.212759	0.224568	0.235895	0.246645	0.256725	0.266041	0.274504	0.282030	0.288542	0.293971	0.298260	0.301362	0.303243	0.303885	0.303279	0.301434	0.298372	0.294128	0.288750	0.282297	0.274841	0.266459	0.257239	0.247272	0.236655	0.225484	0.213856	0.201866	0.189607	0.177163	0.164614	0.152032	0.139477	0.127003	0.114652	0.102455	0.090432	0.078596	0.066946	0.055475	0.044166	0.032995	0.021934	0.010948	0.000000	-0.010948	
-0.011461	0.000000	0.011461	0.022950	0.034496	0.046123	0.057850	0.069692	0.081656	0.093743	0.105943	0.118238	0.130601	0.142994	0.155369	0.167672	0.179837	0.191792	0.203458	0.214751	0.225582	0.235863	0.245502	0.254411	0.262504	0.269701	0.275928	0.281119	0.285221	0.288187	0.289986	0.290600	0.290020	0.288256	0.285328	0.281269	0.276126	0.269956	0.262825	0.254810	0.245993	0.236462	0.226309	0.215626	0.204507	0.193041	0.181318	0.169418	0.157418	0.145385	0.133380	0.121451	0.109640	0.097976	0.086479	0.075160	0.064020	0.053050	0.042235	0.031553	0.020975	0.010469	0.000000	-0.010469	
-0.010921	0.000000	0.010921	0.021870	0.032872	0.043951	0.055126	0.066410	0.077812	0.089329	0.100955	0.112671	0.124452	0.136261	0.148054	0.159778	0.171370	0.182762	0.193879	0.204640	0.214961	0.224758	0.233943	0.242433	0.250145	0.257003	0.262937	0.267884	0.271792	0.274619	0.276334	0.276918	0.276366	0.274685	0.271894	0.268027	0.263126	0.257246	0.250451	0.242813	0.234412	0.225329	0.215654	0.205474	0.194878	0.183953	0.172781	0.161442	0.150006	0.138540	0.127100	0.115733	0.104478	0.093363	0.082407	0.071621	0.061005	0.050552	0.040246	0.030067	0.019987	0.009976	0.000000	-0.009976	
-0.010372	0.000000	0.010372	0.020770	0.031219	0.041740	0.052353	0.063070	0.073898	0.084836	0.095877	0.107004	0.118193	0.129408	0.140608	0.151742	0.162751	0.173570	0.184128	0.194347	0.204150	0.213454	0.222177	0.230239	0.237564	0.244077	0.249712	0.254411	0.258122	0.260807	0.262435	0.262990	0.262466	0.260869	0.258219	0.254546	0.249892	0.244308	0.237855	0.230601	0.222622	0.213996	0.204808	0.195140	0.185077	0.174701	0.164091	0.153322	0.142462	0.131572	0.120707	0.109912	0.099223	0.088667	0.078263	0.068019	0.057937	0.048010	0.038222	0.028555	0.018982	0.009474	0.000000	-0.009474	
-0.009819	0.000000	0.009819	0.019662	0.029554	0.039515	0.049562	0.059707	0.069957	0.080313	0.090765	0.101299	0.111890	0.122508	0.133110	0.143651	0.154073	0.164315	0.174310	0.183984	0.193264	0.202072	0.210330	0.217962	0.224896	0.231062	0.236397	0.240845	0.244358	0.246900	0.248441	0.248967	0.248470	0.246959	0.244450	0.240973	0.236567	0.231281	0.225172	0.218305	0.210751	0.202586	0.193887	0.184734	0.175208	0.165385	0.155341	0.145146	0.134865	0.124557	0.114271	0.104051	0.093932	0.083939	0.074090	0.064392	0.054848	0.045450	0.036184	0.027032	0.017970	0.008969	0.000000	-0.008969	
-0.009268	0.000000	0.009268	0.018559	0.027896	0.037297	0.046780	0.056356	0.066032	0.075806	0.085671	0.095614	0.105611	0.115633	0.125641	0.135589	0.145427	0.155094	0.164528	0.173660	0.182418	0.190732	0.198527	0.205731	0.212275	0.218095	0.223131	0.227329	0.230646	0.233044	0.234500	0.234995	0.234527	0.233100	0.230732	0.227450	0.223291	0.218302	0.212535	0.206054	0.198924	0.191217	0.183006	0.174367	0.165376	0.156104	0.146624	0.137001	0.127297	0.117567	0.107858	0.098212	0.088661	0.079229	0.069932	0.060779	0.051770	0.042899	0.034154	0.025515	0.016961	0.008466	0.000000	-0.008466	
-0.008724	0.000000	0.008724	0.017471	0.026260	0.035111	0.044038	0.053053	0.062161	0.071362	0.080649	0.090009	0.099420	0.108854	0.118275	0.127641	0.136901	0.146002	0.154882	0.163479	0.171724	0.179550	0.186888	0.193670	0.199831	0.205310	0.210050	0.214002	0.217124	0.219383	0.220752	0.221219	0.220778	0.219435	0.217206	0.214116	0.210201	0.205504	0.200076	0.193974	0.187262	0.180007	0.172278	0.164145	0.155681	0.146953	0.138028	0.128970	0.119834	0.110675	0.101535	0.092455	0.083463	0.074584	0.065832	0.057216	0.048735	0.040384	0.032151	0.024019	0.015967	0.007970	0.000000	-0.007970	
-0.008194	0.000000	0.008194	0.016409	0.024664	0.032977	0.041362	0.049829	0.058383	0.067025	0.075748	0.084539	0.093378	0.102239	0.111087	0.119884	0.128582	0.137129	0.145470	0.153544	0.161289	0.168639	0.175531	0.181901	0.187687	0.192833	0.197285	0.200997	0.203929	0.206050	0.207337	0.207775	0.207361	0.206100	0.204006	0.201104	0.197427	0.193015	0.187917	0.182186	0.175882	0.169068	0.161808	0.154170	0.146220	0.138022	0.129640	0.121132	0.112552	0.103949	0.095365	0.086836	0.078391	0.070051	0.061831	0.053739	0.045773	0.037930	0.030197	0.022560	0.014997	0.007485	0.000000	-0.007485	
-0.007682	0.000000	0.007682	0.015384	0.023123	0.030917	0.038778	0.046716	0.054736	0.062838	0.071015	0.079257	0.087544	0.095851	0.104147	0.112394	0.120548	0.128562	0.136382	0.143952	0.151212	0.158103	0.164565	0.170536	0.175961	0.180786	0.184960	0.188440	0.191189	0.193178	0.194384	0.194795	0.194406	0.193224	0.191261	0.188540	0.185093	0.180957	0.176177	0.170804	0.164894	0.158505	0.151699	0.144538	0.137085	0.129399	0.121541	0.113564	0.105520	0.097455	0.089407	0.081411	0.073494	0.065675	0.057969	0.050381	0.042914	0.035560	0.028311	0.021150	0.014060	0.007018	0.000000	-0.007018	
-0.007193	0.000000	0.007193	0.014405	0.021652	0.028949	0.036310	0.043743	0.051253	0.058839	0.066497	0.074214	0.081974	0.089752	0.097520	0.105242	0.112878	0.120381	0.127704	0.134791	0.141590	0.148043	0.154093	0.159685	0.164764	0.169282	0.173190	0.176449	0.179023	0.180885	0.182014	0.182399	0.182036	0.180928	0.179090	0.176543	0.173315	0.169442	0.164966	0.159936	0.154401	0.148419	0.142046	0.135341	0.128362	0.121165	0.113807	0.106338	0.098806	0.091253	0.083718	0.076231	0.068817	0.061496	0.054280	0.047175	0.040183	0.033297	0.026509	0.019804	0.013165	0.006571	0.000000	-0.006571	
-0.006732	0.000000	0.006732	0.013481	0.020264	0.027093	0.033982	0.040938	0.047966	0.055066	0.062232	0.069455	0.076717	0.083997	0.091266	0.098493	0.105639	0.112662	0.119514	0.126148	0.132510	0.138549	0.144212	0.149445	0.154199	0.158426	0.162084	0.165134	0.167543	0.169286	0.170343	0.170703	0.170362	0.169326	0.167606	0.165222	0.162201	0.158576	0.154388	0.149679	0.144500	0.138902	0.132937	0.126662	0.120130	0.113395	0.106509	0.099519	0.092470	0.085402	0.078349	0.071342	0.064404	0.057552	0.050799	0.044150	0.037606	0.031162	0.024809	0.018534	0.012321	0.006150	0.000000	-0.006150	
-0.006303	0.000000	0.006303	0.012621	0.018970	0.025364	0.031813	0.038325	0.044905	0.051552	0.058261	0.065022	0.071821	0.078636	0.085442	0.092208	0.098898	0.105472	0.111887	0.118098	0.124054	0.129708	0.135008	0.139908	0.144358	0.148316	0.151741	0.154596	0.156851	0.158482	0.159472	0.159809	0.159491	0.158520	0.156910	0.154678	0.151850	0.148456	0.144535	0.140127	0.135279	0.130037	0.124454	0.118579	0.112464	0.106159	0.099712	0.093168	0.086569	0.079951	0.073349	0.066789	0.060294	0.053880	0.047557	0.041333	0.035206	0.029174	0.023226	0.017352	0.011535	0.005757	0.000000	-0.005757	
-0.005908	0.000000	0.005908	0.011832	0.017784	0.023777	0.029823	0.035928	0.042096	0.048327	0.054616	0.060955	0.067328	0.073717	0.080097	0.086440	0.092711	0.098874	0.104888	0.110710	0.116294	0.121594	0.126563	0.131156	0.135328	0.139038	0.142249	0.144925	0.147039	0.148569	0.149496	0.149812	0.149514	0.148604	0.147095	0.145002	0.142351	0.139170	0.135494	0.131362	0.126817	0.121903	0.116669	0.111161	0.105429	0.099518	0.093474	0.087340	0.081153	0.074950	0.068761	0.062611	0.056522	0.050509	0.044582	0.038747	0.033004	0.027349	0.021773	0.016266	0.010813	0.005397	0.000000	-0.005397	
-0.005553	0.000000	0.005553	0.011120	0.016714	0.022347	0.028028	0.033766	0.039563	0.045419	0.051330	0.057287	0.063277	0.069281	0.075277	0.081238	0.087132	0.092924	0.098576	0.104048	0.109296	0.114277	0.118947	0.123263	0.127184	0.130671	0.133688	0.136204	0.138191	0.139628	0.140500	0.140797	0.140516	0.139661	0.138243	0.136276	0.133784	0.130795	0.127340	0.123457	0.119185	0.114567	0.109648	0.104472	0.099084	0.093529	0.087849	0.082084	0.076270	0.070440	0.064623	0.058844	0.053121	0.047470	0.041899	0.036415	0.031018	0.025703	0.020463	0.015287	0.010162	0.005072	0.000000	-0.005072	
-0.005239	0.000000	0.005239	0.010491	0.015769	0.021083	0.026444	0.031857	0.037326	0.042851	0.048428	0.054048	0.059699	0.065364	0.071021	0.076645	0.082206	0.087670	0.093003	0.098165	0.103116	0.107815	0.112221	0.116294	0.119993	0.123283	0.126130	0.128503	0.130377	0.131733	0.132556	0.132836	0.132571	0.131765	0.130426	0.128571	0.126220	0.123400	0.120140	0.116477	0.112446	0.108090	0.103448	0.098565	0.093482	0.088241	0.082882	0.077443	0.071957	0.066457	0.060969	0.055516	0.050117	0.044786	0.039530	0.034356	0.029264	0.024250	0.019306	0.014423	0.009588	0.004785	0.000000	-0.004785	
-0.004969	0.000000	0.004969	0.009950	0.014956	0.019997	0.025082	0.030216	0.035403	0.040644	0.045933	0.051264	0.056624	0.061997	0.067363	0.072697	0.077971	0.083155	0.088212	0.093109	0.097805	0.102262	0.106441	0.110304	0.113813	0.116933	0.119633	0.121884	0.123662	0.124948	0.125728	0.125994	0.125743	0.124978	0.123708	0.121949	0.119719	0.117044	0.113952	0.110477	0.106654	0.102522	0.098120	0.093488	0.088667	0.083696	0.078613	0.073454	0.068251	0.063034	0.057829	0.052657	0.047536	0.042479	0.037494	0.032587	0.027757	0.023001	0.018312	0.013680	0.009094	0.004539	0.000000	-0.004539	
-0.004745	0.000000	0.004745	0.009503	0.014283	0.019097	0.023953	0.028856	0.033810	0.038814	0.043866	0.048957	0.054076	0.059207	0.064331	0.069425	0.074462	0.079412	0.084243	0.088918	0.093403	0.097660	0.101651	0.105340	0.108691	0.111671	0.114249	0.116399	0.118097	0.119325	0.120070	0.120324	0.120084	0.119354	0.118141	0.116461	0.114331	0.111776	0.108824	0.105505	0.101854	0.097908	0.093704	0.089281	0.084677	0.079929	0.075075	0.070148	0.065179	0.060197	0.055226	0.050287	0.045397	0.040567	0.035807	0.031120	0.026508	0.021965	0.017488	0.013064	0.008685	0.004335	0.000000	-0.004335	
-0.004570	0.000000	0.004570	0.009151	0.013754	0.018390	0.023066	0.027788	0.032558	0.037377	0.042242	0.047144	0.052074	0.057015	0.061949	0.066855	0.071705	0.076472	0.081124	0.085626	0.089945	0.094044	0.097887	0.101440	0.104667	0.107536	0.110019	0.112089	0.113724	0.114907	0.115625	0.115869	0.115638	0.114935	0.113767	0.112149	0.110098	0.107638	0.104795	0.101599	0.098083	0.094283	0.090235	0.085975	0.081542	0.076970	0.072296	0.067551	0.062766	0.057969	0.053182	0.048425	0.043716	0.039065	0.034481	0.029968	0.025526	0.021152	0.016840	0.012581	0.008363	0.004174	0.000000	-0.004174	
-0.004443	0.000000	0.004443	0.008898	0.013374	0.017881	0.022428	0.027019	0.031657	0.036343	0.041073	0.045840	0.050633	0.055437	0.060235	0.065005	0.069722	0.074356	0.078879	0.083257	0.087456	0.091442	0.095179	0.098633	0.101771	0.104561	0.106975	0.108988	0.110578	0.111728	0.112426	0.112663	0.112439	0.111755	0.110619	0.109046	0.107052	0.104660	0.101895	0.098788	0.095370	0.091675	0.087738	0.083597	0.079286	0.074841	0.070295	0.065682	0.061030	0.056365	0.051710	0.047086	0.042506	0.037984	0.033527	0.029139	0.024820	0.020567	0.016374	0.012233	0.008132	0.004059	0.000000	-0.004059	
-0.004367	0.000000	0.004367	0.008745	0.013144	0.017575	0.022043	0.026555	0.031114	0.035720	0.040368	0.045053	0.049764	0.054486	0.059202	0.063890	0.068525	0.073081	0.077526	0.081829	0.085956	0.089873	0.093546	0.096941	0.100025	0.102767	0.105140	0.107118	0.108681	0.109811	0.110497	0.110730	0.110510	0.109837	0.108722	0.107175	0.105215	0.102864	0.100147	0.097093	0.093733	0.090102	0.086233	0.082162	0.077925	0.073557	0.069089	0.064555	0.059983	0.055398	0.050823	0.046278	0.041777	0.037333	0.032952	0.028639	0.024394	0.020214	0.016093	0.012023	0.007992	0.003989	0.000000	-0.003989	
-0.004342	0.000000	0.004342	0.008694	0.013068	0.017472	0.021914	0.026400	0.030933	0.035511	0.040133	0.044791	0.049474	0.054168	0.058857	0.063517	0.068126	0.072654	0.077073	0.081351	0.085455	0.089349	0.093000	0.096375	0.099441	0.102167	0.104526	0.106493	0.108047	0.109170	0.109852	0.110084	0.109865	0.109197	0.108087	0.106550	0.104602	0.102264	0.099563	0.096527	0.093187	0.089576	0.085730	0.081683	0.077471	0.073127	0.068686	0.064178	0.059633	0.055074	0.050526	0.046008	0.041533	0.037115	0.032760	0.028472	0.024252	0.020096	0.015999	0.011953	0.007946	0.003966	0.000000	-0.003966	
-0.004367	0.000000	0.004367	0.008745	0.013144	0.017575	0.022043	0.026555	0.031114	0.035720	0.040368	0.045053	0.049764	0.054486	0.059202	0.063890	0.068525	0.073081	0.077526	0.081829	0.085956	0.089873	0.093546	0.096941	0.100025	0.102767	0.105140	0.107118	0.108681	0.109811	0.110497	0.110730	0.110510	0.109837	0.108722	0.107175	0.105215	0.102864	0.100147	0.097093	0.093733	0.090102	0.086233	0.082162	0.077925	0.073557	0.069089	0.064555	0.059983	0.055398	0.050823	0.046278	0.041777	0.037333	0.032952	0.028639	0.024394	0.020214	0.016093	0.012023	0.007992	0.003989	0.000000	-0.003989	
