-0.006153	0.000000	0.006153	0.012302	0.018443	0.024569	0.030675	0.036755	0.042799	0.048798	0.054740	0.060611	0.066398	0.072083	0.077647	0.083072	0.088334	0.093412	0.098282	0.102921	0.107303	0.111405	0.115203	0.118673	0.121795	0.124548	0.126914	0.128876	0.130423	0.131543	0.132229	0.132476	0.132283	0.131653	0.130591	0.129105	0.127208	0.124913	0.122237	0.119200	0.115824	0.112129	0.108142	0.103886	0.099387	0.094670	0.089760	0.084681	0.079456	0.074107	0.068655	0.063119	0.057514	0.051855	0.046156	0.040427	0.034676	0.028910	0.023136	0.017355	0.011571	0.005786	0.000000	-0.005786	
-0.006172	0.000000	0.006172	0.012340	0.018499	0.024644	0.030769	0.036867	0.042930	0.048947	0.054907	0.060797	0.066601	0.072304	0.077885	0.083326	0.088604	0.093698	0.098583	0.103236	0.107631	0.111746	0.115555	0.119036	0.122168	0.124929	0.127302	0.129271	0.130822	0.131946	0.132633	0.132881	0.132688	0.132056	0.130990	0.129500	0.127597	0.125295	0.122611	0.119565	0.116178	0.112473	0.108473	0.104204	0.099691	0.094960	0.090034	0.084940	0.079699	0.074334	0.068865	0.063312	0.057690	0.052014	0.046297	0.040550	0.034782	0.028999	0.023206	0.017408	0.011607	0.005804	0.000000	-0.005804	
-0.006228	0.000000	0.006228	0.012453	0.018668	0.024869	0.031050	0.037204	0.043321	0.049394	0.055408	0.061352	0.067209	0.072963	0.078596	0.084086	0.089413	0.094553	0.099483	0.104178	0.108613	0.112765	0.116609	0.120122	0.123282	0.126069	0.128463	0.130450	0.132016	0.133149	0.133843	0.134093	0.133898	0.133261	0.132186	0.130682	0.128761	0.126438	0.123730	0.120656	0.117238	0.113499	0.109463	0.105155	0.100601	0.095826	0.090856	0.085715	0.080426	0.075012	0.069494	0.063889	0.058216	0.052488	0.046720	0.040920	0.035099	0.029263	0.023418	0.017567	0.011713	0.005857	0.000000	-0.005857	
-0.006322	0.000000	0.006322	0.012639	0.018947	0.025241	0.031515	0.037761	0.043970	0.050133	0.056238	0.062270	0.068215	0.074056	0.079773	0.085345	0.090752	0.095969	0.100972	0.105738	0.110240	0.114454	0.118356	0.121921	0.125128	0.127956	0.130387	0.132404	0.133993	0.135143	0.135848	0.136101	0.135903	0.135256	0.134165	0.132639	0.130689	0.128331	0.125583	0.122463	0.118993	0.115198	0.111102	0.106729	0.102107	0.097261	0.092216	0.086998	0.081630	0.076135	0.070534	0.064846	0.059088	0.053274	0.047419	0.041533	0.035625	0.029702	0.023769	0.017830	0.011888	0.005944	0.000000	-0.005944	
-0.006451	0.000000	0.006451	0.012898	0.019335	0.025758	0.032160	0.038533	0.044870	0.051159	0.057388	0.063544	0.069611	0.075571	0.081405	0.087091	0.092608	0.097932	0.103038	0.107901	0.112495	0.116796	0.120777	0.124415	0.127688	0.130574	0.133055	0.135112	0.136734	0.137908	0.138627	0.138886	0.138684	0.138023	0.136910	0.135352	0.133363	0.130957	0.128152	0.124968	0.121428	0.117555	0.113375	0.108913	0.104196	0.099251	0.094103	0.088778	0.083300	0.077693	0.071977	0.066173	0.060297	0.054364	0.048389	0.042383	0.036354	0.030309	0.024255	0.018195	0.012131	0.006066	0.000000	-0.006066	
-0.006615	0.000000	0.006615	0.013226	0.019827	0.026413	0.032978	0.039514	0.046012	0.052461	0.058849	0.065162	0.071383	0.077494	0.083477	0.089308	0.094965	0.100425	0.105660	0.110647	0.115358	0.119768	0.123851	0.127582	0.130938	0.133898	0.136441	0.138551	0.140214	0.141418	0.142155	0.142421	0.142214	0.141536	0.140394	0.138797	0.136757	0.134290	0.131413	0.128149	0.124518	0.120547	0.116260	0.111685	0.106848	0.101777	0.096498	0.091038	0.085421	0.079671	0.073809	0.067857	0.061831	0.055748	0.049621	0.043462	0.037279	0.031081	0.024872	0.018658	0.012440	0.006220	0.000000	-0.006220	
-0.006813	0.000000	0.006813	0.013621	0.020419	0.027202	0.033963	0.040694	0.047385	0.054027	0.060606	0.067107	0.073514	0.079808	0.085968	0.091974	0.097800	0.103422	0.108815	0.113950	0.118802	0.123343	0.127548	0.131391	0.134847	0.137895	0.140514	0.142687	0.144400	0.145640	0.146399	0.146672	0.146459	0.145761	0.144585	0.142941	0.140840	0.138299	0.135336	0.131974	0.128236	0.124146	0.119731	0.115019	0.110038	0.104815	0.099379	0.093755	0.087971	0.082049	0.076013	0.069883	0.063677	0.057412	0.051102	0.044759	0.038392	0.032009	0.025615	0.019215	0.012811	0.006406	0.000000	-0.006406	
-0.007042	0.000000	0.007042	0.014078	0.021105	0.028116	0.035104	0.042061	0.048977	0.055842	0.062642	0.069361	0.075983	0.082489	0.088857	0.095064	0.101086	0.106897	0.112471	0.117779	0.122793	0.127487	0.131833	0.135805	0.139377	0.142528	0.145235	0.147481	0.149251	0.150533	0.151317	0.151600	0.151380	0.150659	0.149443	0.147743	0.145572	0.142945	0.139883	0.136408	0.132544	0.128317	0.123754	0.118883	0.113735	0.108336	0.102717	0.096905	0.090926	0.084806	0.078567	0.072230	0.065816	0.059341	0.052819	0.046263	0.039682	0.033084	0.026475	0.019860	0.013242	0.006621	0.000000	-0.006621	
-0.007300	0.000000	0.007300	0.014594	0.021879	0.029146	0.036390	0.043602	0.050773	0.057889	0.064938	0.071904	0.078769	0.085513	0.092114	0.098548	0.104791	0.110815	0.116593	0.122096	0.127294	0.132160	0.136666	0.140783	0.144486	0.147752	0.150558	0.152887	0.154722	0.156050	0.156864	0.157157	0.156928	0.156181	0.154921	0.153158	0.150907	0.148185	0.145011	0.141408	0.137402	0.133020	0.128290	0.123241	0.117903	0.112307	0.106482	0.100457	0.094259	0.087914	0.081446	0.074878	0.068229	0.061516	0.054755	0.047958	0.041136	0.034297	0.027446	0.020588	0.013727	0.006864	0.000000	-0.006864	
-0.007585	0.000000	0.007585	0.015164	0.022732	0.030284	0.037810	0.045304	0.052754	0.060148	0.067472	0.074709	0.081842	0.088849	0.095708	0.102394	0.108880	0.115139	0.121142	0.126860	0.132261	0.137317	0.141998	0.146276	0.150124	0.153517	0.156433	0.158853	0.160759	0.162139	0.162984	0.163289	0.163052	0.162275	0.160966	0.159135	0.156796	0.153967	0.150669	0.146926	0.142764	0.138210	0.133295	0.128050	0.122504	0.116690	0.110637	0.104377	0.097937	0.091344	0.084624	0.077800	0.070891	0.063917	0.056892	0.049830	0.042741	0.035635	0.028517	0.021392	0.014263	0.007132	0.000000	-0.007132	
-0.007893	0.000000	0.007893	0.015781	0.023658	0.031516	0.039350	0.047148	0.054901	0.062597	0.070219	0.077751	0.085174	0.092467	0.099605	0.106563	0.113313	0.119827	0.126075	0.132025	0.137646	0.142908	0.147780	0.152232	0.156236	0.159767	0.162802	0.165320	0.167304	0.168741	0.169620	0.169937	0.169690	0.168882	0.167519	0.165613	0.163179	0.160235	0.156803	0.152908	0.148576	0.143837	0.138722	0.133263	0.127492	0.121441	0.115142	0.108626	0.101924	0.095063	0.088070	0.080967	0.073777	0.066519	0.059208	0.051859	0.044481	0.037086	0.029678	0.022263	0.014843	0.007422	0.000000	-0.007422	
-0.008223	0.000000	0.008223	0.016440	0.024646	0.032833	0.040993	0.049118	0.057195	0.065212	0.073152	0.080999	0.088732	0.096329	0.103766	0.111014	0.118047	0.124833	0.131341	0.137540	0.143396	0.148878	0.153953	0.158591	0.162763	0.166442	0.169603	0.172226	0.174293	0.175790	0.176706	0.177036	0.176779	0.175937	0.174517	0.172532	0.169996	0.166929	0.163354	0.159295	0.154783	0.149846	0.144517	0.138830	0.132817	0.126514	0.119952	0.113164	0.106182	0.099035	0.091749	0.084350	0.076859	0.069298	0.061681	0.054025	0.046340	0.038635	0.030918	0.023193	0.015463	0.007732	0.000000	-0.007732	
-0.008570	0.000000	0.008570	0.017135	0.025687	0.034220	0.042726	0.051193	0.059612	0.067967	0.076243	0.084421	0.092481	0.100399	0.108150	0.115705	0.123034	0.130107	0.136891	0.143351	0.149455	0.155168	0.160458	0.165292	0.169640	0.173474	0.176769	0.179503	0.181657	0.183217	0.184172	0.184516	0.184248	0.183370	0.181891	0.179822	0.177179	0.173982	0.170256	0.166026	0.161322	0.156177	0.150623	0.144696	0.138429	0.131859	0.125020	0.117946	0.110668	0.103219	0.095625	0.087913	0.080107	0.072226	0.064288	0.056308	0.048298	0.040267	0.032224	0.024172	0.016117	0.008059	0.000000	-0.008059	
-0.008932	0.000000	0.008932	0.017858	0.026771	0.035664	0.044529	0.053354	0.062127	0.070835	0.079460	0.087984	0.096384	0.104636	0.112714	0.120588	0.128226	0.135598	0.142668	0.149401	0.155762	0.161716	0.167229	0.172267	0.176799	0.180795	0.184229	0.187078	0.189323	0.190949	0.191944	0.192303	0.192023	0.191109	0.189567	0.187410	0.184656	0.181324	0.177440	0.173032	0.168130	0.162768	0.156980	0.150802	0.144271	0.137424	0.130296	0.122923	0.115339	0.107575	0.099661	0.091624	0.083487	0.075274	0.067001	0.058684	0.050336	0.041967	0.033584	0.025193	0.016797	0.008399	0.000000	-0.008399	
-0.009304	0.000000	0.009304	0.018603	0.027887	0.037151	0.046385	0.055577	0.064717	0.073788	0.082773	0.091651	0.100402	0.108998	0.117412	0.125614	0.133571	0.141250	0.148614	0.155628	0.162255	0.168457	0.174200	0.179447	0.184168	0.188331	0.191908	0.194876	0.197215	0.198908	0.199945	0.200318	0.200027	0.199074	0.197468	0.195222	0.192353	0.188882	0.184837	0.180245	0.175138	0.169553	0.163523	0.157088	0.150285	0.143152	0.135727	0.128047	0.120146	0.112059	0.103815	0.095443	0.086967	0.078411	0.069793	0.061130	0.052434	0.043716	0.034984	0.026243	0.017497	0.008749	0.000000	-0.008749	
-0.009684	0.000000	0.009684	0.019361	0.029024	0.038665	0.048275	0.057842	0.067354	0.076795	0.086146	0.095386	0.104493	0.113440	0.122197	0.130733	0.139015	0.147006	0.154671	0.161970	0.168867	0.175322	0.181299	0.186760	0.191673	0.196006	0.199729	0.202818	0.205252	0.207014	0.208093	0.208482	0.208179	0.207187	0.205516	0.203178	0.200191	0.196580	0.192369	0.187590	0.182276	0.176462	0.170187	0.163489	0.156409	0.148985	0.141258	0.133265	0.125043	0.116625	0.108046	0.099332	0.090511	0.081607	0.072638	0.063621	0.054571	0.045497	0.036409	0.027312	0.018210	0.009106	0.000000	-0.009106	
-0.010066	0.000000	0.010066	0.020125	0.030169	0.040191	0.050180	0.060125	0.070012	0.079826	0.089546	0.099151	0.108617	0.117917	0.127020	0.135893	0.144501	0.152808	0.160775	0.168363	0.175532	0.182242	0.188454	0.194132	0.199238	0.203741	0.207612	0.210823	0.213353	0.215185	0.216306	0.216710	0.216395	0.215365	0.213627	0.211197	0.208093	0.204338	0.199962	0.194994	0.189470	0.183427	0.176904	0.169942	0.162582	0.154866	0.146833	0.138525	0.129978	0.121228	0.112310	0.103253	0.094084	0.084827	0.075504	0.066132	0.056724	0.047293	0.037846	0.028390	0.018929	0.009465	0.000000	-0.009465	
-0.010447	0.000000	0.010447	0.020887	0.031312	0.041713	0.052081	0.062403	0.072665	0.082849	0.092938	0.102907	0.112732	0.122384	0.131831	0.141040	0.149975	0.158596	0.166865	0.174740	0.182181	0.189145	0.195593	0.201485	0.206785	0.211459	0.215476	0.218808	0.221434	0.223336	0.224500	0.224919	0.224592	0.223522	0.221719	0.219197	0.215975	0.212078	0.207536	0.202380	0.196647	0.190375	0.183605	0.176379	0.168741	0.160732	0.152395	0.143772	0.134901	0.125820	0.116564	0.107164	0.097648	0.088041	0.078364	0.068637	0.058873	0.049084	0.039280	0.029465	0.019646	0.009823	0.000000	-0.009823	
-0.010824	0.000000	0.010824	0.021640	0.032440	0.043216	0.053958	0.064651	0.075283	0.085835	0.096286	0.106615	0.116794	0.126793	0.136581	0.146122	0.155379	0.164311	0.172878	0.181037	0.188745	0.195960	0.202640	0.208745	0.214236	0.219078	0.223240	0.226692	0.229413	0.231383	0.232589	0.233024	0.232685	0.231576	0.229708	0.227095	0.223757	0.219720	0.215014	0.209672	0.203732	0.197235	0.190221	0.182735	0.174821	0.166523	0.157886	0.148952	0.139762	0.130354	0.120764	0.111025	0.101166	0.091213	0.081188	0.071110	0.060994	0.050853	0.040695	0.030527	0.020354	0.010177	0.000000	-0.010177	
-0.011191	0.000000	0.011191	0.022375	0.033542	0.044684	0.055790	0.066847	0.077840	0.088750	0.099557	0.110236	0.120761	0.131100	0.141221	0.151086	0.160657	0.169892	0.178750	0.187186	0.195156	0.202617	0.209524	0.215836	0.221513	0.226520	0.230823	0.234393	0.237206	0.239242	0.240489	0.240939	0.240589	0.239443	0.237511	0.234809	0.231358	0.227184	0.222317	0.216794	0.210653	0.203934	0.196682	0.188942	0.180759	0.172180	0.163249	0.154012	0.144509	0.134782	0.124866	0.114796	0.104602	0.094311	0.083946	0.073526	0.063066	0.052580	0.042077	0.031564	0.021045	0.010523	0.000000	-0.010523	
-0.011546	0.000000	0.011546	0.023084	0.034606	0.046102	0.057560	0.068968	0.080309	0.091566	0.102715	0.113733	0.124592	0.135259	0.145700	0.155878	0.165753	0.175282	0.184420	0.193124	0.201347	0.209044	0.216170	0.222682	0.228540	0.233706	0.238145	0.241828	0.244730	0.246832	0.248118	0.248582	0.248221	0.247038	0.245045	0.242257	0.238697	0.234390	0.229370	0.223672	0.217335	0.210403	0.202921	0.194935	0.186493	0.177642	0.168428	0.158897	0.149094	0.139057	0.128827	0.118438	0.107921	0.097303	0.086609	0.075858	0.065067	0.054248	0.043412	0.032565	0.021713	0.010857	0.000000	-0.010857	
-0.011885	0.000000	0.011885	0.023761	0.035621	0.047454	0.059248	0.070990	0.082664	0.094251	0.105727	0.117069	0.128246	0.139226	0.149973	0.160450	0.170614	0.180422	0.189829	0.198788	0.207252	0.215175	0.222510	0.229213	0.235242	0.240559	0.245129	0.248920	0.251907	0.254070	0.255395	0.255872	0.255500	0.254283	0.252231	0.249362	0.245697	0.241264	0.236096	0.230231	0.223709	0.216574	0.208872	0.200652	0.191962	0.182851	0.173367	0.163557	0.153466	0.143136	0.132605	0.121911	0.111086	0.100157	0.089149	0.078083	0.066975	0.055839	0.044685	0.033520	0.022349	0.011175	0.000000	-0.011175	
-0.012203	0.000000	0.012203	0.024398	0.036576	0.048726	0.060837	0.072894	0.084880	0.096777	0.108562	0.120207	0.131683	0.142958	0.153994	0.164751	0.175187	0.185259	0.194917	0.204117	0.212808	0.220943	0.228474	0.235357	0.241548	0.247008	0.251700	0.255593	0.258660	0.260881	0.262241	0.262731	0.262349	0.261099	0.258993	0.256046	0.252283	0.247732	0.242425	0.236403	0.229706	0.222379	0.214471	0.206031	0.197108	0.187753	0.178015	0.167942	0.157580	0.146973	0.136160	0.125179	0.114063	0.102841	0.091539	0.080176	0.068771	0.057336	0.045883	0.034419	0.022949	0.011475	0.000000	-0.011475	
-0.012499	0.000000	0.012499	0.024989	0.037461	0.049905	0.062308	0.074657	0.086933	0.099118	0.111187	0.123114	0.134868	0.146416	0.157718	0.168736	0.179425	0.189739	0.199632	0.209054	0.217955	0.226287	0.234000	0.241050	0.247391	0.252982	0.257788	0.261775	0.264916	0.267191	0.268584	0.269086	0.268694	0.267415	0.265257	0.262239	0.258385	0.253723	0.248289	0.242121	0.235262	0.227758	0.219659	0.211014	0.201876	0.192294	0.182320	0.172004	0.161391	0.150527	0.139453	0.128207	0.116822	0.105329	0.093753	0.082115	0.070434	0.058723	0.046993	0.035252	0.023504	0.011752	0.000000	-0.011752	
-0.012767	0.000000	0.012767	0.025525	0.038266	0.050977	0.063647	0.076261	0.088801	0.101248	0.113576	0.125760	0.137766	0.149561	0.161107	0.172361	0.183280	0.193816	0.203921	0.213545	0.222638	0.231148	0.239028	0.246229	0.252706	0.258418	0.263327	0.267399	0.270608	0.272932	0.274355	0.274867	0.274468	0.273160	0.270956	0.267874	0.263937	0.259175	0.253624	0.247323	0.240316	0.232652	0.224378	0.215548	0.206213	0.196426	0.186238	0.175699	0.164859	0.153762	0.142450	0.130962	0.119332	0.107592	0.095767	0.083879	0.071947	0.059985	0.048003	0.036009	0.024009	0.012005	0.000000	-0.012005	
-0.013006	0.000000	0.013006	0.026003	0.038982	0.051931	0.064838	0.077688	0.090464	0.103143	0.115703	0.128114	0.140345	0.152361	0.164123	0.175588	0.186711	0.197444	0.207739	0.217543	0.226806	0.235476	0.243503	0.250839	0.257437	0.263256	0.268256	0.272405	0.275674	0.278041	0.279491	0.280013	0.279606	0.278274	0.276029	0.272889	0.268878	0.264027	0.258372	0.251953	0.244815	0.237007	0.228579	0.219583	0.210073	0.200103	0.189724	0.178989	0.167945	0.156640	0.145116	0.133413	0.121566	0.109606	0.097560	0.085450	0.073294	0.061108	0.048901	0.036683	0.024458	0.012230	0.000000	-0.012230	
-0.013213	0.000000	0.013213	0.026417	0.039602	0.052757	0.065869	0.078924	0.091902	0.104784	0.117543	0.130152	0.142577	0.154785	0.166733	0.178381	0.189681	0.200585	0.211043	0.221003	0.230413	0.239221	0.247376	0.254828	0.261531	0.267443	0.272523	0.276738	0.280059	0.282464	0.283936	0.284466	0.284053	0.282700	0.280419	0.277229	0.273154	0.268226	0.262481	0.255960	0.248709	0.240777	0.232214	0.223076	0.213415	0.203285	0.192742	0.181835	0.170616	0.159131	0.147424	0.135535	0.123500	0.111349	0.099111	0.086809	0.074460	0.062080	0.049679	0.037266	0.024847	0.012424	0.000000	-0.012424	
-0.013385	0.000000	0.013385	0.026762	0.040119	0.053446	0.066729	0.079954	0.093102	0.106151	0.119077	0.131850	0.144438	0.156805	0.168909	0.180709	0.192156	0.203203	0.213797	0.223887	0.233420	0.242343	0.250604	0.258154	0.264945	0.270933	0.276080	0.280350	0.283714	0.286150	0.287642	0.288179	0.287760	0.286390	0.284079	0.280847	0.276719	0.271727	0.265907	0.259301	0.251955	0.243919	0.235245	0.225987	0.216200	0.205939	0.195257	0.184209	0.172843	0.161208	0.149349	0.137304	0.125112	0.112803	0.100405	0.087942	0.075432	0.062890	0.050328	0.037753	0.025171	0.012586	0.000000	-0.012586	
-0.013522	0.000000	0.013522	0.027034	0.040527	0.053989	0.067408	0.080767	0.094049	0.107231	0.120288	0.133191	0.145907	0.158400	0.170627	0.182547	0.194111	0.205269	0.215972	0.226165	0.235794	0.244808	0.253153	0.260780	0.267640	0.273689	0.278888	0.283201	0.286600	0.289061	0.290567	0.291110	0.290687	0.289302	0.286968	0.283704	0.279534	0.274491	0.268611	0.261938	0.254518	0.246400	0.237638	0.228286	0.218399	0.208033	0.197243	0.186082	0.174601	0.162848	0.150868	0.138701	0.126384	0.113950	0.101426	0.088836	0.076199	0.063529	0.050839	0.038137	0.025427	0.012714	0.000000	-0.012714	
-0.013620	0.000000	0.013620	0.027230	0.040822	0.054382	0.067898	0.081355	0.094733	0.108011	0.121163	0.134160	0.146969	0.159552	0.171868	0.183874	0.195522	0.206762	0.217542	0.227809	0.237509	0.246588	0.254994	0.262676	0.269586	0.275679	0.280916	0.285261	0.288684	0.291163	0.292681	0.293227	0.292801	0.291406	0.289055	0.285767	0.281567	0.276487	0.270565	0.263843	0.256369	0.248192	0.239366	0.229946	0.219987	0.209546	0.198678	0.187436	0.175871	0.164032	0.151965	0.139709	0.127303	0.114779	0.102164	0.089482	0.076753	0.063991	0.051209	0.038414	0.025612	0.012807	0.000000	-0.012807	
-0.013679	0.000000	0.013679	0.027349	0.041000	0.054619	0.068194	0.081710	0.095146	0.108482	0.121692	0.134745	0.147610	0.160248	0.172618	0.184677	0.196376	0.207665	0.218492	0.228804	0.238546	0.247665	0.256107	0.263823	0.270763	0.276883	0.282142	0.286506	0.289944	0.292434	0.293958	0.294507	0.294079	0.292678	0.290317	0.287014	0.282796	0.277694	0.271746	0.264995	0.257488	0.249275	0.240411	0.230950	0.220947	0.210461	0.199545	0.188254	0.176638	0.164748	0.152628	0.140319	0.127859	0.115280	0.102610	0.089873	0.077088	0.064271	0.051433	0.038582	0.025724	0.012863	0.000000	-0.012863	
-0.013699	0.000000	0.013699	0.027389	0.041059	0.054699	0.068294	0.081828	0.095285	0.108640	0.121869	0.134941	0.147825	0.160481	0.172869	0.184945	0.196661	0.207967	0.218809	0.229136	0.238893	0.248025	0.256480	0.264206	0.271156	0.277285	0.282552	0.286922	0.290365	0.292859	0.294385	0.294935	0.294506	0.293104	0.290739	0.287431	0.283207	0.278097	0.272141	0.265380	0.257862	0.249638	0.240760	0.231285	0.221269	0.210767	0.199835	0.188527	0.176895	0.164988	0.152850	0.140523	0.128045	0.115447	0.102759	0.090003	0.077200	0.064364	0.051507	0.038638	0.025761	0.012881	0.000000	-0.012881	
-0.013679	0.000000	0.013679	0.027349	0.041000	0.054619	0.068194	0.081710	0.095146	0.108482	0.121692	0.134745	0.147610	0.160248	0.172618	0.184677	0.196376	0.207665	0.218492	0.228804	0.238546	0.247665	0.256107	0.263823	0.270763	0.276883	0.282142	0.286506	0.289944	0.292434	0.293958	0.294507	0.294079	0.292678	0.290317	0.287014	0.282796	0.277694	0.271746	0.264995	0.257488	0.249275	0.240411	0.230950	0.220947	0.210461	0.199545	0.188254	0.176638	0.164748	0.152628	0.140319	0.127859	0.115280	0.102610	0.089873	0.077088	0.064271	0.051433	0.038582	0.025724	0.012863	0.000000	-0.012863	
-0.013620	0.000000	0.013620	0.027230	0.040822	0.054382	0.067898	0.081355	0.094733	0.108011	0.121163	0.134160	0.146969	0.159552	0.171868	0.183874	0.195522	0.206762	0.217542	0.227809	0.237509	0.246588	0.254994	0.262676	0.269586	0.275679	0.280916	0.285261	0.288684	0.291163	0.292681	0.293227	0.292801	0.291406	0.289055	0.285767	0.281567	0.276487	0.270565	0.263843	0.256369	0.248192	0.239366	0.229946	0.219987	0.209546	0.198678	0.187436	0.175871	0.164032	0.151965	0.139709	0.127303	0.114779	0.102164	0.089482	0.076753	0.063991	0.051209	0.038414	0.025612	0.012807	0.000000	-0.012807	
-0.013522	0.000000	0.013522	0.027034	0.040527	0.053989	0.067408	0.080767	0.094049	0.107231	0.120288	0.133191	0.145907	0.158400	0.170627	0.182547	0.194111	0.205269	0.215972	0.226165	0.235794	0.244808	0.253153	0.260780	0.267640	0.273689	0.278888	0.283201	0.286600	0.289061	0.290567	0.291110	0.290687	0.289302	0.286968	0.283704	0.279534	0.274491	0.268611	0.261938	0.254518	0.246400	0.237638	0.228286	0.218399	0.208033	0.197243	0.186082	0.174601	0.162848	0.150868	0.138701	0.126384	0.113950	0.101426	0.088836	0.076199	0.063529	0.050839	0.038137	0.025427	0.012714	0.000000	-0.012714	
-0.013385	0.000000	0.013385	0.026762	0.040119	0.053446	0.066729	0.079954	0.093102	0.106151	0.119077	0.131850	0.144438	0.156805	0.168909	0.180709	0.192156	0.203203	0.213797	0.223887	0.233420	0.242343	0.250604	0.258154	0.264945	0.270933	0.276080	0.280350	0.283714	0.286150	0.287642	0.288179	0.287760	0.286390	0.284079	0.280847	0.276719	0.271727	0.265907	0.259301	0.251955	0.243919	0.235245	0.225987	0.216200	0.205939	0.195257	0.184209	0.172843	0.161208	0.149349	0.137304	0.125112	0.112803	0.100405	0.087942	0.075432	0.062890	0.050328	0.037753	0.025171	0.012586	0.000000	-0.012586	
-0.013213	0.000000	0.013213	0.026417	0.039602	0.052757	0.065869	0.078924	0.091902	0.104784	0.117543	0.130152	0.142577	0.154785	0.166733	0.178381	0.189681	0.200585	0.211043	0.221003	0.230413	0.239221	0.247376	0.254828	0.261531	0.267443	0.272523	0.276738	0.280059	0.282464	0.283936	0.284466	0.284053	0.282700	0.280419	0.277229	0.273154	0.268226	0.262481	0.255960	0.248709	0.240777	0.232214	0.223076	0.213415	0.203285	0.192742	0.181835	0.170616	0.159131	0.147424	0.135535	0.123500	0.111349	0.099111	0.086809	0.074460	0.062080	0.049679	0.037266	0.024847	0.012424	0.000000	-0.012424	
-0.013006	0.000000	0.013006	0.026003	0.038982	0.051931	0.064838	0.077688	0.090464	0.103143	0.115703	0.128114	0.140345	0.152361	0.164123	0.175588	0.186711	0.197444	0.207739	0.217543	0.226806	0.235476	0.243503	0.250839	0.257437	0.263256	0.268256	0.272405	0.275674	0.278041	0.279491	0.280013	0.279606	0.278274	0.276029	0.272889	0.268878	0.264027	0.258372	0.251953	0.244815	0.237007	0.228579	0.219583	0.210073	0.200103	0.189724	0.178989	0.167945	0.156640	0.145116	0.133413	0.121566	0.109606	0.097560	0.085450	0.073294	0.061108	0.048901	0.036683	0.024458	0.012230	0.000000	-0.012230	
-0.012767	0.000000	0.012767	0.025525	0.038266	0.050977	0.063647	0.076261	0.088801	0.101248	0.113576	0.125760	0.137766	0.149561	0.161107	0.172361	0.183280	0.193816	0.203921	0.213545	0.222638	0.231148	0.239028	0.246229	0.252706	0.258418	0.263327	0.267399	0.270608	0.272932	0.274355	0.274867	0.274468	0.273160	0.270956	0.267874	0.263937	0.259175	0.253624	0.247323	0.240316	0.232652	0.224378	0.215548	0.206213	0.196426	0.186238	0.175699	0.164859	0.153762	0.142450	0.130962	0.119332	0.107592	0.095767	0.083879	0.071947	0.059985	0.048003	0.036009	0.024009	0.012005	0.000000	-0.012005	
-0.012499	0.000000	0.012499	0.024989	0.037461	0.049905	0.062308	0.074657	0.086933	0.099118	0.111187	0.123114	0.134868	0.146416	0.157718	0.168736	0.179425	0.189739	0.199632	0.209054	0.217955	0.226287	0.234000	0.241050	0.247391	0.252982	0.257788	0.261775	0.264916	0.267191	0.268584	0.269086	0.268694	0.267415	0.265257	0.262239	0.258385	0.253723	0.248289	0.242121	0.235262	0.227758	0.219659	0.211014	0.201876	0.192294	0.182320	0.172004	0.161391	0.150527	0.139453	0.128207	0.116822	0.105329	0.093753	0.082115	0.070434	0.058723	0.046993	0.035252	0.023504	0.011752	0.000000	-0.011752	
-0.012203	0.000000	0.012203	0.024398	0.036576	0.048726	0.060837	0.072894	0.084880	0.096777	0.108562	0.120207	0.131683	0.142958	0.153994	0.164751	0.175187	0.185259	0.194917	0.204117	0.212808	0.220943	0.228474	0.235357	0.241548	0.247008	0.251700	0.255593	0.258660	0.260881	0.262241	0.262731	0.262349	0.261099	0.258993	0.256046	0.252283	0.247732	0.242425	0.236403	0.229706	0.222379	0.214471	0.206031	0.197108	0.187753	0.178015	0.167942	0.157580	0.146973	0.136160	0.125179	0.114063	0.102841	0.091539	0.080176	0.068771	0.057336	0.045883	0.034419	0.022949	0.011475	0.000000	-0.011475	
-0.011885	0.000000	0.011885	0.023761	0.035621	0.047454	0.059248	0.070990	0.082664	0.094251	0.105727	0.117069	0.128246	0.139226	0.149973	0.160450	0.170614	0.180422	0.189829	0.198788	0.207252	0.215175	0.222510	0.229213	0.235242	0.240559	0.245129	0.248920	0.251907	0.254070	0.255395	0.255872	0.255500	0.254283	0.252231	0.249362	0.245697	0.241264	0.236096	0.230231	0.223709	0.216574	0.208872	0.200652	0.191962	0.182851	0.173367	0.163557	0.153466	0.143136	0.132605	0.121911	0.111086	0.100157	0.089149	0.078083	0.066975	0.055839	0.044685	0.033520	0.022349	0.011175	0.000000	-0.011175	
-0.011546	0.000000	0.011546	0.023084	0.034606	0.046102	0.057560	0.068968	0.080309	0.091566	0.102715	0.113733	0.124592	0.135259	0.145700	0.155878	0.165753	0.175282	0.184420	0.193124	0.201347	0.209044	0.216170	0.222682	0.228540	0.233706	0.238145	0.241828	0.244730	0.246832	0.248118	0.248582	0.248221	0.247038	0.245045	0.242257	0.238697	0.234390	0.229370	0.223672	0.217335	0.210403	0.202921	0.194935	0.186493	0.177642	0.168428	0.158897	0.149094	0.139057	0.128827	0.118438	0.107921	0.097303	0.086609	0.075858	0.065067	0.054248	0.043412	0.032565	0.021713	0.010857	0.000000	-0.010857	
-0.011191	0.000000	0.011191	0.022375	0.033542	0.044684	0.055790	0.066847	0.077840	0.088750	0.099557	0.110236	0.120761	0.131100	0.141221	0.151086	0.160657	0.169892	0.178750	0.187186	0.195156	0.202617	0.209524	0.215836	0.221513	0.226520	0.230823	0.234393	0.237206	0.239242	0.240489	0.240939	0.240589	0.239443	0.237511	0.234809	0.231358	0.227184	0.222317	0.216794	0.210653	0.203934	0.196682	0.188942	0.180759	0.172180	0.163249	0.154012	0.144509	0.134782	0.124866	0.114796	0.104602	0.094311	0.083946	0.073526	0.063066	0.052580	0.042077	0.031564	0.021045	0.010523	0.000000	-0.010523	
-0.010824	0.000000	0.010824	0.021640	0.032440	0.043216	0.053958	0.064651	0.075283	0.085835	0.096286	0.106615	0.116794	0.126793	0.136581	0.146122	0.155379	0.164311	0.172878	0.181037	0.188745	0.195960	0.202640	0.208745	0.214236	0.219078	0.223240	0.226692	0.229413	0.231383	0.232589	0.233024	0.232685	0.231576	0.229708	0.227095	0.223757	0.219720	0.215014	0.209672	0.203732	0.197235	0.190221	0.182735	0.174821	0.166523	0.157886	0.148952	0.139762	0.130354	0.120764	0.111025	0.101166	0.091213	0.081188	0.071110	0.060994	0.050853	0.040695	0.030527	0.020354	0.010177	0.000000	-0.010177	
-0.010447	0.000000	0.010447	0.020887	0.031312	0.041713	0.052081	0.062403	0.072665	0.082849	0.092938	0.102907	0.112732	0.122384	0.131831	0.141040	0.149975	0.158596	0.166865	0.174740	0.182181	0.189145	0.195593	0.201485	0.206785	0.211459	0.215476	0.218808	0.221434	0.223336	0.224500	0.224919	0.224592	0.223522	0.221719	0.219197	0.215975	0.212078	0.207536	0.202380	0.196647	0.190375	0.183605	0.176379	0.168741	0.160732	0.152395	0.143772	0.134901	0.125820	0.116564	0.107164	0.097648	0.088041	0.078364	0.068637	0.058873	0.049084	0.039280	0.029465	0.019646	0.009823	0.000000	-0.009823	
-0.010066	0.000000	0.010066	0.020125	0.030169	0.040191	0.050180	0.060125	0.070012	0.079826	0.089546	0.099151	0.108617	0.117917	0.127020	0.135893	0.144501	0.152808	0.160775	0.168363	0.175532	0.182242	0.188454	0.194132	0.199238	0.203741	0.207612	0.210823	0.213353	0.215185	0.216306	0.216710	0.216395	0.215365	0.213627	0.211197	0.208093	0.204338	0.199962	0.194994	0.189470	0.183427	0.176904	0.169942	0.162582	0.154866	0.146833	0.138525	0.129978	0.121228	0.112310	0.103253	0.094084	0.084827	0.075504	0.066132	0.056724	0.047293	0.037846	0.028390	0.018929	0.009465	0.000000	-0.009465	
-0.009684	0.000000	0.009684	0.019361	0.029024	0.038665	0.048275	0.057842	0.067354	0.076795	0.086146	0.095386	0.104493	0.113440	0.122197	0.130733	0.139015	0.147006	0.154671	0.161970	0.168867	0.175322	0.181299	0.186760	0.191673	0.196006	0.199729	0.202818	0.205252	0.207014	0.208093	0.208482	0.208179	0.207187	0.205516	0.203178	0.200191	0.196580	0.192369	0.187590	0.182276	0.176462	0.170187	0.163489	0.156409	0.148985	0.141258	0.133265	0.125043	0.116625	0.108046	0.099332	0.090511	0.081607	0.072638	0.063621	0.054571	0.045497	0.036409	0.027312	0.018210	0.009106	0.000000	-0.009106	
-0.009304	0.000000	0.009304	0.018603	0.027887	0.037151	0.046385	0.055577	0.064717	0.073788	0.082773	0.091651	0.100402	0.108998	0.117412	0.125614	0.133571	0.141250	0.148614	0.155628	0.162255	0.168457	0.174200	0.179447	0.184168	0.188331	0.191908	0.194876	0.197215	0.198908	0.199945	0.200318	0.200027	0.199074	0.197468	0.195222	0.192353	0.188882	0.184837	0.180245	0.175138	0.169553	0.163523	0.157088	0.150285	0.143152	0.135727	0.128047	0.120146	0.112059	0.103815	0.095443	0.086967	0.078411	0.069793	0.061130	0.052434	0.043716	0.034984	0.026243	0.017497	0.008749	0.000000	-0.008749	
-0.008932	0.000000	0.008932	0.017858	0.026771	0.035664	0.044529	0.053354	0.062127	0.070835	0.079460	0.087984	0.096384	0.104636	0.112714	0.120588	0.128226	0.135598	0.142668	0.149401	0.155762	0.161716	0.167229	0.172267	0.176799	0.180795	0.184229	0.187078	0.189323	0.190949	0.191944	0.192303	0.192023	0.191109	0.189567	0.187410	0.184656	0.181324	0.177440	0.173032	0.168130	0.162768	0.156980	0.150802	0.144271	0.137424	0.130296	0.122923	0.115339	0.107575	0.099661	0.091624	0.083487	0.075274	0.067001	0.058684	0.050336	0.041967	0.033584	0.025193	0.016797	0.008399	0.000000	-0.008399	
-0.008570	0.000000	0.008570	0.017135	0.025687	0.034220	0.042726	0.051193	0.059612	0.067967	0.076243	0.084421	0.092481	0.100399	0.108150	0.115705	0.123034	0.130107	0.136891	0.143351	0.149455	0.155168	0.160458	0.165292	0.169640	0.173474	0.176769	0.179503	0.181657	0.183217	0.184172	0.184516	0.184248	0.183370	0.181891	0.179822	0.177179	0.173982	0.170256	0.166026	0.161322	0.156177	0.150623	0.144696	0.138429	0.131859	0.125020	0.117946	0.110668	0.103219	0.095625	0.087913	0.080107	0.072226	0.064288	0.056308	0.048298	0.040267	0.032224	0.024172	0.016117	0.008059	0.000000	-0.008059	
-0.008223	0.000000	0.008223	0.016440	0.024646	0.032833	0.040993	0.049118	0.057195	0.065212	0.073152	0.080999	0.088732	0.096329	0.103766	0.111014	0.118047	0.124833	0.131341	0.137540	0.143396	0.148878	0.153953	0.158591	0.162763	0.166442	0.169603	0.172226	0.174293	0.175790	0.176706	0.177036	0.176779	0.175937	0.174517	0.172532	0.169996	0.166929	0.163354	0.159295	0.154783	0.149846	0.144517	0.138830	0.132817	0.126514	0.119952	0.113164	0.106182	0.099035	0.091749	0.084350	0.076859	0.069298	0.061681	0.054025	0.046340	0.038635	0.030918	0.023193	0.015463	0.007732	0.000000	-0.007732	
-0.007893	0.000000	0.007893	0.015781	0.023658	0.031516	0.039350	0.047148	0.054901	0.062597	0.070219	0.077751	0.085174	0.092467	0.099605	0.106563	0.113313	0.119827	0.126075	0.132025	0.137646	0.142908	0.147780	0.152232	0.156236	0.159767	0.162802	0.165320	0.167304	0.168741	0.169620	0.169937	0.169690	0.168882	0.167519	0.165613	0.163179	0.160235	0.156803	0.152908	0.148576	0.143837	0.138722	0.133263	0.127492	0.121441	0.115142	0.108626	0.101924	0.095063	0.088070	0.080967	0.073777	0.066519	0.059208	0.051859	0.044481	0.037086	0.029678	0.022263	0.014843	0.007422	0.000000	-0.007422	
-0.007585	0.000000	0.007585	0.015164	0.022732	0.030284	0.037810	0.045304	0.052754	0.060148	0.067472	0.074709	0.081842	0.088849	0.095708	0.102394	0.108880	0.115139	0.121142	0.126860	0.132261	0.137317	0.141998	0.146276	0.150124	0.153517	0.156433	0.158853	0.160759	0.162139	0.162984	0.163289	0.163052	0.162275	0.160966	0.159135	0.156796	0.153967	0.150669	0.146926	0.142764	0.138210	0.133295	0.128050	0.122504	0.116690	0.110637	0.104377	0.097937	0.091344	0.084624	0.077800	0.070891	0.063917	0.056892	0.049830	0.042741	0.035635	0.028517	0.021392	0.014263	0.007132	0.000000	-0.007132	
-0.007300	0.000000	0.007300	0.014594	0.021879	0.029146	0.036390	0.043602	0.050773	0.057889	0.064938	0.071904	0.078769	0.085513	0.092114	0.098548	0.104791	0.110815	0.116593	0.122096	0.127294	0.132160	0.136666	0.140783	0.144486	0.147752	0.150558	0.152887	0.154722	0.156050	0.156864	0.157157	0.156928	0.156181	0.154921	0.153158	0.150907	0.148185	0.145011	0.141408	0.137402	0.133020	0.128290	0.123241	0.117903	0.112307	0.106482	0.100457	0.094259	0.087914	0.081446	0.074878	0.068229	0.061516	0.054755	0.047958	0.041136	0.034297	0.027446	0.020588	0.013727	0.006864	0.000000	-0.006864	
-0.007042	0.000000	0.007042	0.014078	0.021105	0.028116	0.035104	0.042061	0.048977	0.055842	0.062642	0.069361	0.075983	0.082489	0.088857	0.095064	0.101086	0.106897	0.112471	0.117779	0.122793	0.127487	0.131833	0.135805	0.139377	0.142528	0.145235	0.147481	0.149251	0.150533	0.151317	0.151600	0.151380	0.150659	0.149443	0.147743	0.145572	0.142945	0.139883	0.136408	0.132544	0.128317	0.123754	0.118883	0.113735	0.108336	0.102717	0.096905	0.090926	0.084806	0.078567	0.072230	0.065816	0.059341	0.052819	0.046263	0.039682	0.033084	0.026475	0.019860	0.013242	0.006621	0.000000	-0.006621	
-0.006813	0.000000	0.006813	0.013621	0.020419	0.027202	0.033963	0.040694	0.047385	0.054027	0.060606	0.067107	0.073514	0.079808	0.085968	0.091974	0.097800	0.103422	0.108815	0.113950	0.118802	0.123343	0.127548	0.131391	0.134847	0.137895	0.140514	0.142687	0.144400	0.145640	0.146399	0.146672	0.146459	0.145761	0.144585	0.142941	0.140840	0.138299	0.135336	0.131974	0.128236	0.124146	0.119731	0.115019	0.110038	0.104815	0.099379	0.093755	0.087971	0.082049	0.076013	0.069883	0.063677	0.057412	0.051102	0.044759	0.038392	0.032009	0.025615	0.019215	0.012811	0.006406	0.000000	-0.006406	
-0.006615	0.000000	0.006615	0.013226	0.019827	0.026413	0.032978	0.039514	0.046012	0.052461	0.058849	0.065162	0.071383	0.077494	0.083477	0.089308	0.094965	0.100425	0.105660	0.110647	0.115358	0.119768	0.123851	0.127582	0.130938	0.133898	0.136441	0.138551	0.140214	0.141418	0.142155	0.142421	0.142214	0.141536	0.140394	0.138797	0.136757	0.134290	0.131413	0.128149	0.124518	0.120547	0.116260	0.111685	0.106848	0.101777	0.096498	0.091038	0.085421	0.079671	0.073809	0.067857	0.061831	0.055748	0.049621	0.043462	0.037279	0.031081	0.024872	0.018658	0.012440	0.006220	0.000000	-0.006220	
-0.006451	0.000000	0.006451	0.012898	0.019335	0.025758	0.032160	0.038533	0.044870	0.051159	0.057388	0.063544	0.069611	0.075571	0.081405	0.087091	0.092608	0.097932	0.103038	0.107901	0.112495	0.116796	0.120777	0.124415	0.127688	0.130574	0.133055	0.135112	0.136734	0.137908	0.138627	0.138886	0.138684	0.138023	0.136910	0.135352	0.133363	0.130957	0.128152	0.124968	0.121428	0.117555	0.113375	0.108913	0.104196	0.099251	0.094103	0.088778	0.083300	0.077693	0.071977	0.066173	0.060297	0.054364	0.048389	0.042383	0.036354	0.030309	0.024255	0.018195	0.012131	0.006066	0.000000	-0.006066	
-0.006322	0.000000	0.006322	0.012639	0.018947	0.025241	0.031515	0.037761	0.043970	0.050133	0.056238	0.062270	0.068215	0.074056	0.079773	0.085345	0.090752	0.095969	0.100972	0.105738	0.110240	0.114454	0.118356	0.121921	0.125128	0.127956	0.130387	0.132404	0.133993	0.135143	0.135848	0.136101	0.135903	0.135256	0.134165	0.132639	0.130689	0.128331	0.125583	0.122463	0.118993	0.115198	0.111102	0.106729	0.102107	0.097261	0.092216	0.086998	0.081630	0.076135	0.070534	0.064846	0.059088	0.053274	0.047419	0.041533	0.035625	0.029702	0.023769	0.017830	0.011888	0.005944	0.000000	-0.005944	
-0.006228	0.000000	0.006228	0.012453	0.018668	0.024869	0.031050	0.037204	0.043321	0.049394	0.055408	0.061352	0.067209	0.072963	0.078596	0.084086	0.089413	0.094553	0.099483	0.104178	0.108613	0.112765	0.116609	0.120122	0.123282	0.126069	0.128463	0.130450	0.132016	0.133149	0.133843	0.134093	0.133898	0.133261	0.132186	0.130682	0.128761	0.126438	0.123730	0.120656	0.117238	0.113499	0.109463	0.105155	0.100601	0.095826	0.090856	0.085715	0.080426	0.075012	0.069494	0.063889	0.058216	0.052488	0.046720	0.040920	0.035099	0.029263	0.023418	0.017567	0.011713	0.005857	0.000000	-0.005857	
-0.006172	0.000000	0.006172	0.012340	0.018499	0.024644	0.030769	0.036867	0.042930	0.048947	0.054907	0.060797	0.066601	0.072304	0.077885	0.083326	0.088604	0.093698	0.098583	0.103236	0.107631	0.111746	0.115555	0.119036	0.122168	0.124929	0.127302	0.129271	0.130822	0.131946	0.132633	0.132881	0.132688	0.132056	0.130990	0.129500	0.127597	0.125295	0.122611	0.119565	0.116178	0.112473	0.108473	0.104204	0.099691	0.094960	0.090034	0.084940	0.079699	0.074334	0.068865	0.063312	0.057690	0.052014	0.046297	0.040550	0.034782	0.028999	0.023206	0.017408	0.011607	0.005804	0.000000	-0.005804	
-0.006153	0.000000	0.006153	0.012302	0.018443	0.024569	0.030675	0.036755	0.042799	0.048798	0.054740	0.060611	0.066398	0.072083	0.077647	0.083072	0.088334	0.093412	0.098282	0.102921	0.107303	0.111405	0.115203	0.118673	0.121795	0.124548	0.126914	0.128876	0.130423	0.131543	0.132229	0.132476	0.132283	0.131653	0.130591	0.129105	0.127208	0.124913	0.122237	0.119200	0.115824	0.112129	0.108142	0.103886	0.099387	0.094670	0.089760	0.084681	0.079456	0.074107	0.068655	0.063119	0.057514	0.051855	0.046156	0.040427	0.034676	0.028910	0.023136	0.017355	0.011571	0.005786	0.000000	-0.005786	
-0.006172	0.000000	0.006172	0.012340	0.018499	0.024644	0.030769	0.036867	0.042930	0.048947	0.054907	0.060797	0.066601	0.072304	0.077885	0.083326	0.088604	0.093698	0.098583	0.103236	0.107631	0.111746	0.115555	0.119036	0.122168	0.124929	0.127302	0.129271	0.130822	0.131946	0.132633	0.132881	0.132688	0.132056	0.130990	0.129500	0.127597	0.125295	0.122611	0.119565	0.116178	0.112473	0.108473	0.104204	0.099691	0.094960	0.090034	0.084940	0.079699	0.074334	0.068865	0.063312	0.057690	0.052014	0.046297	0.040550	0.034782	0.028999	0.023206	0.017408	0.011607	0.005804	0.000000	-0.005804	
