-0.000149	-0.000000	0.000149	0.000298	0.000450	0.000604	0.000761	0.000923	0.001089	0.001259	0.001435	0.001615	0.001800	0.001988	0.002179	0.002373	0.002567	0.002760	0.002952	0.003139	0.003321	0.003495	0.003660	0.003814	0.003954	0.004080	0.004189	0.004280	0.004353	0.004405	0.004437	0.004448	0.004437	0.004406	0.004353	0.004281	0.004190	0.004081	0.003956	0.003816	0.003663	0.003499	0.003325	0.003145	0.002959	0.002769	0.002578	0.002386	0.002196	0.002008	0.001824	0.001645	0.001470	0.001301	0.001138	0.000981	0.000829	0.000682	0.000540	0.000401	0.000266	0.000132	-0.000000	-0.000132	
-0.000192	0.000000	0.000192	0.000386	0.000582	0.000784	0.000991	0.001206	0.001429	0.001660	0.001900	0.002150	0.002408	0.002674	0.002947	0.003226	0.003508	0.003791	0.004074	0.004353	0.004626	0.004888	0.005139	0.005373	0.005588	0.005782	0.005950	0.006092	0.006204	0.006286	0.006335	0.006352	0.006336	0.006286	0.006205	0.006093	0.005951	0.005783	0.005590	0.005375	0.005141	0.004892	0.004630	0.004359	0.004082	0.003801	0.003520	0.003241	0.002966	0.002697	0.002436	0.002184	0.001942	0.001710	0.001488	0.001276	0.001074	0.000881	0.000695	0.000515	0.000341	0.000170	0.000000	-0.000170	
-0.000234	-0.000000	0.000234	0.000471	0.000715	0.000966	0.001230	0.001506	0.001798	0.002106	0.002433	0.002777	0.003139	0.003518	0.003913	0.004321	0.004739	0.005165	0.005593	0.006020	0.006441	0.006850	0.007241	0.007611	0.007952	0.008259	0.008529	0.008756	0.008937	0.009068	0.009148	0.009175	0.009148	0.009068	0.008937	0.008756	0.008529	0.008260	0.007952	0.007612	0.007243	0.006852	0.006444	0.006024	0.005598	0.005172	0.004748	0.004333	0.003928	0.003538	0.003164	0.002808	0.002472	0.002155	0.001857	0.001579	0.001317	0.001072	0.000840	0.000620	0.000408	0.000203	-0.000000	-0.000203	
-0.000316	0.000000	0.000316	0.000635	0.000963	0.001302	0.001657	0.002029	0.002422	0.002838	0.003278	0.003742	0.004230	0.004741	0.005272	0.005822	0.006386	0.006959	0.007536	0.008111	0.008678	0.009229	0.009757	0.010254	0.010714	0.011128	0.011492	0.011798	0.012041	0.012218	0.012326	0.012362	0.012326	0.012218	0.012041	0.011798	0.011492	0.011129	0.010715	0.010256	0.009759	0.009232	0.008682	0.008117	0.007543	0.006968	0.006398	0.005838	0.005293	0.004767	0.004263	0.003784	0.003330	0.002903	0.002503	0.002127	0.001775	0.001444	0.001132	0.000835	0.000550	0.000273	0.000000	-0.000273	
-0.000421	0.000000	0.000421	0.000847	0.001284	0.001736	0.002209	0.002705	0.003230	0.003784	0.004370	0.004989	0.005639	0.006321	0.007030	0.007762	0.008514	0.009278	0.010048	0.010815	0.011571	0.012305	0.013009	0.013672	0.014285	0.014838	0.015322	0.015730	0.016055	0.016291	0.016434	0.016482	0.016434	0.016291	0.016055	0.015731	0.015323	0.014839	0.014286	0.013674	0.013012	0.012309	0.011576	0.010822	0.010057	0.009291	0.008530	0.007784	0.007057	0.006356	0.005684	0.005045	0.004441	0.003871	0.003337	0.002836	0.002366	0.001925	0.001509	0.001113	0.000733	0.000364	0.000000	-0.000364	
-0.000555	0.000000	0.000555	0.001118	0.001694	0.002291	0.002914	0.003570	0.004262	0.004993	0.005766	0.006583	0.007441	0.008340	0.009275	0.010242	0.011234	0.012242	0.013258	0.014270	0.015267	0.016236	0.017165	0.018040	0.018848	0.019578	0.020217	0.020755	0.021184	0.021495	0.021684	0.021748	0.021684	0.021495	0.021184	0.020756	0.020218	0.019579	0.018850	0.018042	0.017168	0.016241	0.015274	0.014279	0.013270	0.012259	0.011255	0.010270	0.009311	0.008386	0.007500	0.006657	0.005859	0.005108	0.004403	0.003742	0.003122	0.002540	0.001991	0.001469	0.000967	0.000480	0.000000	-0.000480	
-0.000725	0.000000	0.000725	0.001459	0.002212	0.002991	0.003805	0.004661	0.005564	0.006519	0.007529	0.008595	0.009716	0.010889	0.012111	0.013373	0.014668	0.015985	0.017311	0.018633	0.019934	0.021200	0.022412	0.023555	0.024611	0.025563	0.026398	0.027100	0.027660	0.028067	0.028313	0.028396	0.028314	0.028067	0.027660	0.027101	0.026399	0.025565	0.024613	0.023558	0.022417	0.021206	0.019943	0.018645	0.017327	0.016006	0.014696	0.013410	0.012158	0.010950	0.009793	0.008692	0.007650	0.006669	0.005749	0.004886	0.004077	0.003317	0.002600	0.001918	0.001263	0.000627	0.000000	-0.000627	
-0.000937	0.000000	0.000937	0.001886	0.002858	0.003865	0.004917	0.006023	0.007190	0.008424	0.009729	0.011106	0.012554	0.014071	0.015649	0.017280	0.018954	0.020655	0.022369	0.024076	0.025758	0.027393	0.028960	0.030436	0.031800	0.033031	0.034109	0.035018	0.035740	0.036266	0.036585	0.036692	0.036585	0.036266	0.035741	0.035019	0.034111	0.033033	0.031803	0.030440	0.028966	0.027401	0.025769	0.024092	0.022389	0.020683	0.018990	0.017328	0.015710	0.014149	0.012654	0.011231	0.009885	0.008618	0.007428	0.006313	0.005268	0.004286	0.003359	0.002478	0.001632	0.000810	0.000000	-0.000810	
-0.001198	0.000000	0.001198	0.002411	0.003654	0.004942	0.006287	0.007701	0.009194	0.010772	0.012440	0.014201	0.016053	0.017992	0.020010	0.022096	0.024236	0.026411	0.028602	0.030786	0.032936	0.035027	0.037031	0.038918	0.040662	0.042236	0.043615	0.044777	0.045701	0.046373	0.046781	0.046917	0.046781	0.046373	0.045702	0.044778	0.043617	0.042239	0.040666	0.038924	0.037038	0.035038	0.032951	0.030806	0.028629	0.026447	0.024282	0.022157	0.020088	0.018092	0.016180	0.014361	0.012640	0.011020	0.009498	0.008072	0.006736	0.005481	0.004296	0.003169	0.002087	0.001036	0.000000	-0.001036	
-0.001516	0.000000	0.001516	0.003051	0.004624	0.006254	0.007956	0.009745	0.011633	0.013630	0.015742	0.017970	0.020313	0.022767	0.025320	0.027960	0.030668	0.033420	0.036193	0.038956	0.041677	0.044323	0.046858	0.049247	0.051454	0.053445	0.055190	0.056659	0.057829	0.058679	0.059195	0.059369	0.059196	0.058680	0.057830	0.056661	0.055192	0.053449	0.051458	0.049253	0.046868	0.044336	0.041696	0.038981	0.036226	0.033465	0.030726	0.028037	0.025419	0.022894	0.020474	0.018173	0.015995	0.013944	0.012019	0.010215	0.008524	0.006935	0.005436	0.004010	0.002641	0.001311	0.000000	-0.001311	
-0.001898	0.000000	0.001898	0.003820	0.005790	0.007831	0.009962	0.012203	0.014568	0.017068	0.019712	0.022502	0.025437	0.028509	0.031707	0.035012	0.038402	0.041850	0.045321	0.048781	0.052189	0.055502	0.058676	0.061667	0.064431	0.066925	0.069110	0.070950	0.072414	0.073479	0.074125	0.074342	0.074126	0.073480	0.072416	0.070952	0.069113	0.066929	0.064437	0.061676	0.058688	0.055519	0.052212	0.048812	0.045363	0.041905	0.038476	0.035108	0.031830	0.028668	0.025638	0.022756	0.020029	0.017461	0.015050	0.012791	0.010673	0.008684	0.006806	0.005021	0.003307	0.001641	0.000000	-0.001641	
-0.002352	0.000000	0.002352	0.004734	0.007175	0.009704	0.012345	0.015122	0.018052	0.021150	0.024427	0.027884	0.031521	0.035328	0.039290	0.043386	0.047587	0.051859	0.056161	0.060449	0.064671	0.068777	0.072710	0.076417	0.079842	0.082932	0.085640	0.087920	0.089735	0.091054	0.091855	0.092124	0.091855	0.091055	0.089736	0.087922	0.085643	0.082937	0.079849	0.076428	0.072726	0.068798	0.064700	0.060487	0.056213	0.051928	0.047678	0.043505	0.039444	0.035524	0.031771	0.028199	0.024819	0.021637	0.018650	0.015850	0.013226	0.010761	0.008434	0.006222	0.004098	0.002034	0.000000	-0.002034	
-0.002884	0.000000	0.002884	0.005805	0.008799	0.011900	0.015139	0.018543	0.022137	0.025936	0.029954	0.034194	0.038653	0.043322	0.048181	0.053204	0.058356	0.063594	0.068870	0.074127	0.079306	0.084340	0.089164	0.093709	0.097909	0.101699	0.105019	0.107815	0.110041	0.111658	0.112641	0.112970	0.112641	0.111660	0.110043	0.107818	0.105023	0.101705	0.097918	0.093722	0.089182	0.084366	0.079341	0.074175	0.068934	0.063679	0.058467	0.053350	0.048369	0.043563	0.038960	0.034580	0.030436	0.026533	0.022870	0.019437	0.016219	0.013196	0.010343	0.007630	0.005025	0.002494	0.000000	-0.002494	
-0.003500	0.000000	0.003500	0.007045	0.010678	0.014441	0.018371	0.022503	0.026864	0.031475	0.036350	0.041495	0.046907	0.052572	0.058469	0.064564	0.070816	0.077173	0.083576	0.089956	0.096239	0.102349	0.108203	0.113718	0.118815	0.123414	0.127443	0.130836	0.133537	0.135500	0.136692	0.137092	0.136693	0.135502	0.133540	0.130840	0.127448	0.123422	0.118826	0.113734	0.108225	0.102380	0.096282	0.090013	0.083653	0.077276	0.070952	0.064741	0.058697	0.052865	0.047279	0.041963	0.036935	0.032199	0.027753	0.023587	0.019682	0.016014	0.012551	0.009259	0.006099	0.003027	0.000000	-0.003027	
-0.004203	0.000000	0.004203	0.008460	0.012823	0.017342	0.022062	0.027024	0.032260	0.037798	0.043652	0.049831	0.056330	0.063134	0.070215	0.077535	0.085043	0.092677	0.100366	0.108027	0.115574	0.122910	0.129940	0.136564	0.142684	0.148207	0.153046	0.157121	0.160364	0.162722	0.164153	0.164633	0.164154	0.162724	0.160367	0.157125	0.153052	0.148217	0.142698	0.136583	0.129967	0.122948	0.115625	0.108097	0.100459	0.092801	0.085206	0.077747	0.070490	0.063486	0.056777	0.050394	0.044355	0.038667	0.033329	0.028326	0.023636	0.019231	0.015073	0.011120	0.007324	0.003635	0.000000	-0.003635	
-0.004995	0.000000	0.004995	0.010054	0.015239	0.020609	0.026219	0.032115	0.038338	0.044919	0.051876	0.059219	0.066943	0.075028	0.083444	0.092143	0.101065	0.110138	0.119275	0.128380	0.137348	0.146067	0.154421	0.162293	0.169566	0.176130	0.181880	0.186722	0.190577	0.193379	0.195080	0.195650	0.195081	0.193381	0.190580	0.186727	0.181887	0.176141	0.169582	0.162316	0.154453	0.146111	0.137408	0.128462	0.119385	0.110284	0.101259	0.092395	0.083770	0.075446	0.067474	0.059888	0.052711	0.045952	0.039608	0.033662	0.028090	0.022854	0.017913	0.013215	0.008704	0.004320	0.000000	-0.004320	
-0.005874	0.000000	0.005874	0.011824	0.017922	0.024237	0.030834	0.037768	0.045087	0.052826	0.061008	0.069644	0.078727	0.088236	0.098133	0.108363	0.118856	0.129526	0.140271	0.150979	0.161525	0.171779	0.181604	0.190862	0.199415	0.207134	0.213896	0.219591	0.224125	0.227420	0.229420	0.230091	0.229421	0.227422	0.224129	0.219598	0.213906	0.207148	0.199434	0.190889	0.181642	0.171832	0.161597	0.151075	0.140401	0.129698	0.119083	0.108660	0.098516	0.088727	0.079351	0.070430	0.061990	0.054041	0.046580	0.039588	0.033034	0.026877	0.021066	0.015541	0.010236	0.005080	0.000000	-0.005080	
-0.006837	0.000000	0.006837	0.013761	0.020857	0.028207	0.035884	0.043954	0.052472	0.061478	0.071001	0.081051	0.091622	0.102688	0.114206	0.126112	0.138324	0.150741	0.163246	0.175708	0.187982	0.199916	0.211350	0.222124	0.232078	0.241062	0.248931	0.255559	0.260835	0.264670	0.266998	0.267779	0.266999	0.264673	0.260840	0.255566	0.248942	0.241077	0.232101	0.222155	0.211394	0.199977	0.188065	0.175821	0.163398	0.150942	0.138589	0.126457	0.114653	0.103260	0.092348	0.081966	0.072143	0.062893	0.054210	0.046072	0.038445	0.031280	0.024517	0.018086	0.011912	0.005912	0.000000	-0.005912	
-0.007874	0.000000	0.007874	0.015848	0.024021	0.032485	0.041327	0.050622	0.060431	0.070804	0.081771	0.093345	0.105519	0.118264	0.131529	0.145241	0.159305	0.173606	0.188008	0.202360	0.216496	0.230240	0.243408	0.255816	0.267281	0.277627	0.286690	0.294323	0.300400	0.304816	0.307497	0.308396	0.307499	0.304819	0.300405	0.294332	0.286702	0.277645	0.267306	0.255852	0.243459	0.230310	0.216592	0.202490	0.188182	0.173837	0.159610	0.145639	0.132043	0.118923	0.106356	0.094399	0.083086	0.072433	0.062432	0.053061	0.044277	0.036024	0.028235	0.020830	0.013719	0.006809	0.000000	-0.006809	
-0.008973	0.000000	0.008973	0.018062	0.027376	0.037024	0.047101	0.057693	0.068873	0.080695	0.093194	0.106386	0.120260	0.134786	0.149904	0.165531	0.181560	0.197858	0.214273	0.230629	0.246740	0.262404	0.277412	0.291553	0.304620	0.316411	0.326740	0.335440	0.342365	0.347398	0.350454	0.351479	0.350456	0.347402	0.342371	0.335449	0.326754	0.316431	0.304649	0.291594	0.277469	0.262483	0.246849	0.230777	0.214471	0.198122	0.181907	0.165984	0.150490	0.135536	0.121214	0.107586	0.094693	0.082552	0.071154	0.060473	0.050462	0.041057	0.032180	0.023739	0.015636	0.007760	0.000000	-0.007760	
-0.010121	0.000000	0.010121	0.020371	0.030876	0.041757	0.053122	0.065069	0.077678	0.091011	0.105108	0.119986	0.135634	0.152016	0.169067	0.186692	0.204770	0.223152	0.241665	0.260113	0.278283	0.295949	0.312876	0.328825	0.343562	0.356860	0.368510	0.378322	0.386132	0.391809	0.395255	0.396411	0.395257	0.391813	0.386139	0.378332	0.368526	0.356883	0.343594	0.328871	0.312941	0.296039	0.278406	0.260279	0.241888	0.223450	0.205162	0.187203	0.169728	0.152863	0.136709	0.121340	0.106799	0.093105	0.080250	0.068204	0.056913	0.046306	0.036293	0.026774	0.017634	0.008752	0.000000	-0.008752	
-0.011296	0.000000	0.011296	0.022736	0.034461	0.046605	0.059289	0.072623	0.086696	0.101577	0.117311	0.133916	0.151381	0.169666	0.188696	0.208368	0.228544	0.249060	0.269722	0.290312	0.310592	0.330309	0.349201	0.367002	0.383449	0.398292	0.411294	0.422245	0.430962	0.437298	0.441145	0.442435	0.441147	0.437303	0.430970	0.422257	0.411312	0.398318	0.383486	0.367053	0.349273	0.330409	0.310729	0.290498	0.269972	0.249392	0.228982	0.208938	0.189433	0.170611	0.152582	0.135427	0.119198	0.103914	0.089567	0.076122	0.063520	0.051682	0.040507	0.029883	0.019682	0.009768	0.000000	-0.009768	
-0.012476	0.000000	0.012476	0.025111	0.038062	0.051474	0.065484	0.080211	0.095755	0.112191	0.129568	0.147908	0.167199	0.187393	0.208412	0.230139	0.252424	0.275084	0.297904	0.320646	0.343045	0.364822	0.385687	0.405348	0.423515	0.439908	0.454269	0.466364	0.475992	0.482990	0.487238	0.488663	0.487241	0.482995	0.476001	0.466377	0.454289	0.439936	0.423555	0.405406	0.385767	0.364932	0.343196	0.320851	0.298180	0.275450	0.252907	0.230769	0.209227	0.188437	0.168524	0.149578	0.131653	0.114772	0.098926	0.084076	0.070157	0.057082	0.044740	0.033005	0.021738	0.010789	0.000000	-0.010789	
-0.013636	0.000000	0.013636	0.027446	0.041601	0.056261	0.071574	0.087670	0.104659	0.122623	0.141617	0.161663	0.182747	0.204820	0.227793	0.251540	0.275898	0.300665	0.325607	0.350463	0.374945	0.398747	0.421553	0.443043	0.462898	0.480816	0.496513	0.509732	0.520256	0.527904	0.532548	0.534105	0.532550	0.527910	0.520265	0.509747	0.496534	0.480847	0.462942	0.443105	0.421641	0.398868	0.375111	0.350688	0.325909	0.301065	0.276425	0.252229	0.228683	0.205960	0.184196	0.163487	0.143896	0.125445	0.108125	0.091894	0.076682	0.062390	0.048900	0.036074	0.023760	0.011792	0.000000	-0.011792	
-0.014749	0.000000	0.014749	0.029686	0.044996	0.060853	0.077416	0.094826	0.113201	0.132632	0.153176	0.174857	0.197662	0.221537	0.246385	0.272071	0.298416	0.325204	0.352183	0.379067	0.405547	0.431292	0.455960	0.479203	0.500679	0.520059	0.537037	0.551336	0.562718	0.570991	0.576013	0.577698	0.576016	0.570997	0.562728	0.551351	0.537060	0.520093	0.500727	0.479270	0.456054	0.431423	0.405726	0.379310	0.352509	0.325638	0.298987	0.272815	0.247348	0.222770	0.199229	0.176831	0.155640	0.135683	0.116950	0.099395	0.082940	0.067482	0.052891	0.039019	0.025699	0.012755	0.000000	-0.012755	
-0.015787	0.000000	0.015787	0.031775	0.048162	0.065134	0.082863	0.101498	0.121166	0.141964	0.163954	0.187161	0.211570	0.237124	0.263721	0.291214	0.319413	0.348086	0.376963	0.405739	0.434082	0.461639	0.488042	0.512921	0.535908	0.556652	0.574824	0.590129	0.602312	0.611167	0.616543	0.618346	0.616546	0.611174	0.602323	0.590146	0.574849	0.556688	0.535959	0.512993	0.488143	0.461779	0.434274	0.405999	0.377312	0.348550	0.320024	0.292011	0.264752	0.238445	0.213248	0.189273	0.166591	0.145230	0.125179	0.106388	0.088776	0.072230	0.056613	0.041764	0.027507	0.013652	0.000000	-0.013652	
-0.016722	0.000000	0.016722	0.033657	0.051015	0.068992	0.087770	0.107509	0.128342	0.150372	0.173664	0.198245	0.224100	0.251168	0.279339	0.308461	0.338330	0.368701	0.399288	0.429769	0.459790	0.488979	0.516946	0.543297	0.567646	0.589619	0.608867	0.625078	0.637983	0.647363	0.653056	0.654966	0.653060	0.647369	0.637994	0.625096	0.608893	0.589657	0.567700	0.543374	0.517053	0.489127	0.459993	0.430044	0.399658	0.369192	0.338977	0.309305	0.280431	0.252566	0.225877	0.200482	0.176457	0.153831	0.132592	0.112689	0.094034	0.076508	0.059965	0.044237	0.029136	0.014461	0.000000	-0.014461	
-0.017528	0.000000	0.017528	0.035279	0.053474	0.072317	0.092001	0.112691	0.134528	0.157619	0.182034	0.207801	0.234902	0.263274	0.292804	0.323329	0.354637	0.386473	0.418534	0.450484	0.481952	0.512548	0.541863	0.569485	0.595007	0.618039	0.638215	0.655208	0.668734	0.678566	0.684534	0.686536	0.684537	0.678573	0.668746	0.655226	0.638242	0.618078	0.595064	0.569565	0.541975	0.512703	0.482165	0.450772	0.418921	0.386988	0.355316	0.324214	0.293948	0.264740	0.236764	0.210146	0.184963	0.161246	0.138983	0.118120	0.098566	0.080196	0.062856	0.046370	0.030541	0.015158	0.000000	-0.015158	
-0.018181	0.000000	0.018181	0.036595	0.055468	0.075014	0.095432	0.116894	0.139545	0.163497	0.188823	0.215550	0.243662	0.273092	0.303723	0.335386	0.367863	0.400885	0.434142	0.467283	0.499926	0.531662	0.562070	0.590722	0.617196	0.641087	0.662015	0.679642	0.693673	0.703871	0.710062	0.712139	0.710065	0.703878	0.693685	0.679661	0.662044	0.641128	0.617255	0.590805	0.562187	0.531823	0.500146	0.467583	0.434544	0.401419	0.368566	0.336304	0.304910	0.274613	0.245594	0.217982	0.191860	0.167259	0.144166	0.122525	0.102242	0.083186	0.065200	0.048099	0.031680	0.015723	0.000000	-0.015723	
-0.018663	0.000000	0.018663	0.037565	0.056938	0.077002	0.097960	0.119991	0.143243	0.167830	0.193826	0.221261	0.250118	0.280328	0.311771	0.344273	0.377610	0.411508	0.445646	0.479665	0.513172	0.545750	0.576963	0.606375	0.633550	0.658074	0.679557	0.697651	0.712053	0.722522	0.728877	0.731009	0.728880	0.722530	0.712066	0.697670	0.679586	0.658116	0.633611	0.606460	0.577083	0.545915	0.513399	0.479972	0.446058	0.412056	0.378332	0.345216	0.312989	0.281889	0.252101	0.223758	0.196944	0.171691	0.147986	0.125772	0.104951	0.085390	0.066928	0.049373	0.032519	0.016139	0.000000	-0.016139	
-0.018958	0.000000	0.018958	0.038159	0.057838	0.078220	0.099510	0.121889	0.145508	0.170484	0.196891	0.224761	0.254074	0.284762	0.316702	0.349718	0.383582	0.418016	0.452694	0.487251	0.521288	0.554381	0.586088	0.615965	0.643570	0.668482	0.690305	0.708684	0.723315	0.733949	0.740404	0.742570	0.740408	0.733957	0.723328	0.708704	0.690334	0.668525	0.643632	0.616052	0.586210	0.554549	0.521519	0.487563	0.453113	0.418573	0.384316	0.350675	0.317939	0.286348	0.256088	0.227297	0.200059	0.174407	0.150327	0.127761	0.106611	0.086741	0.067986	0.050154	0.033033	0.016395	0.000000	-0.016395	
-0.019058	0.000000	0.019058	0.038359	0.058141	0.078630	0.100031	0.122528	0.146271	0.171378	0.197924	0.225939	0.255406	0.286255	0.318363	0.351552	0.385594	0.420208	0.455068	0.489806	0.524022	0.557288	0.589162	0.619195	0.646945	0.671987	0.693925	0.712401	0.727108	0.737798	0.744287	0.746464	0.744291	0.737806	0.727121	0.712421	0.693955	0.672031	0.647007	0.619283	0.589284	0.557457	0.524254	0.490120	0.455489	0.420768	0.386331	0.352514	0.319607	0.287849	0.257431	0.228489	0.201108	0.175321	0.151115	0.128431	0.107170	0.087196	0.068343	0.050417	0.033207	0.016481	0.000000	-0.016481	
-0.018958	0.000000	0.018958	0.038159	0.057838	0.078220	0.099510	0.121889	0.145508	0.170484	0.196891	0.224761	0.254074	0.284762	0.316702	0.349718	0.383582	0.418016	0.452694	0.487251	0.521288	0.554381	0.586088	0.615965	0.643570	0.668482	0.690305	0.708684	0.723315	0.733949	0.740404	0.742570	0.740408	0.733957	0.723328	0.708704	0.690334	0.668525	0.643632	0.616052	0.586210	0.554549	0.521519	0.487563	0.453113	0.418573	0.384316	0.350675	0.317939	0.286348	0.256088	0.227297	0.200059	0.174407	0.150327	0.127761	0.106611	0.086741	0.067986	0.050154	0.033033	0.016395	0.000000	-0.016395	
-0.018663	0.000000	0.018663	0.037565	0.056938	0.077002	0.097960	0.119991	0.143243	0.167830	0.193826	0.221261	0.250118	0.280328	0.311771	0.344273	0.377610	0.411508	0.445646	0.479665	0.513172	0.545750	0.576963	0.606375	0.633550	0.658074	0.679557	0.697651	0.712053	0.722522	0.728877	0.731009	0.728880	0.722530	0.712066	0.697670	0.679586	0.658116	0.633611	0.606460	0.577083	0.545915	0.513399	0.479972	0.446058	0.412056	0.378332	0.345216	0.312989	0.281889	0.252101	0.223758	0.196944	0.171691	0.147986	0.125772	0.104951	0.085390	0.066928	0.049373	0.032519	0.016139	0.000000	-0.016139	
-0.018181	0.000000	0.018181	0.036595	0.055468	0.075014	0.095432	0.116894	0.139545	0.163497	0.188823	0.215550	0.243662	0.273092	0.303723	0.335386	0.367863	0.400885	0.434142	0.467283	0.499926	0.531662	0.562070	0.590722	0.617196	0.641087	0.662015	0.679642	0.693673	0.703871	0.710062	0.712139	0.710065	0.703878	0.693685	0.679661	0.662044	0.641128	0.617255	0.590805	0.562187	0.531823	0.500146	0.467583	0.434544	0.401419	0.368566	0.336304	0.304910	0.274613	0.245594	0.217982	0.191860	0.167259	0.144166	0.122525	0.102242	0.083186	0.065200	0.048099	0.031680	0.015723	0.000000	-0.015723	
-0.017528	0.000000	0.017528	0.035279	0.053474	0.072317	0.092001	0.112691	0.134528	0.157619	0.182034	0.207801	0.234902	0.263274	0.292804	0.323329	0.354637	0.386473	0.418534	0.450484	0.481952	0.512548	0.541863	0.569485	0.595007	0.618039	0.638215	0.655208	0.668734	0.678566	0.684534	0.686536	0.684537	0.678573	0.668746	0.655226	0.638242	0.618078	0.595064	0.569565	0.541975	0.512703	0.482165	0.450772	0.418921	0.386988	0.355316	0.324214	0.293948	0.264740	0.236764	0.210146	0.184963	0.161246	0.138983	0.118120	0.098566	0.080196	0.062856	0.046370	0.030541	0.015158	0.000000	-0.015158	
-0.016722	0.000000	0.016722	0.033657	0.051015	0.068992	0.087770	0.107509	0.128342	0.150372	0.173664	0.198245	0.224100	0.251168	0.279339	0.308461	0.338330	0.368701	0.399288	0.429769	0.459790	0.488979	0.516946	0.543297	0.567646	0.589619	0.608867	0.625078	0.637983	0.647363	0.653056	0.654966	0.653060	0.647369	0.637994	0.625096	0.608893	0.589657	0.567700	0.543374	0.517053	0.489127	0.459993	0.430044	0.399658	0.369192	0.338977	0.309305	0.280431	0.252566	0.225877	0.200482	0.176457	0.153831	0.132592	0.112689	0.094034	0.076508	0.059965	0.044237	0.029136	0.014461	0.000000	-0.014461	
-0.015787	0.000000	0.015787	0.031775	0.048162	0.065134	0.082863	0.101498	0.121166	0.141964	0.163954	0.187161	0.211570	0.237124	0.263721	0.291214	0.319413	0.348086	0.376963	0.405739	0.434082	0.461639	0.488042	0.512921	0.535908	0.556652	0.574824	0.590129	0.602312	0.611167	0.616543	0.618346	0.616546	0.611174	0.602323	0.590146	0.574849	0.556688	0.535959	0.512993	0.488143	0.461779	0.434274	0.405999	0.377312	0.348550	0.320024	0.292011	0.264752	0.238445	0.213248	0.189273	0.166591	0.145230	0.125179	0.106388	0.088776	0.072230	0.056613	0.041764	0.027507	0.013652	0.000000	-0.013652	
-0.014749	0.000000	0.014749	0.029686	0.044996	0.060853	0.077416	0.094826	0.113201	0.132632	0.153176	0.174857	0.197662	0.221537	0.246385	0.272071	0.298416	0.325204	0.352183	0.379067	0.405547	0.431292	0.455960	0.479203	0.500679	0.520059	0.537037	0.551336	0.562718	0.570991	0.576013	0.577698	0.576016	0.570997	0.562728	0.551351	0.537060	0.520093	0.500727	0.479270	0.456054	0.431423	0.405726	0.379310	0.352509	0.325638	0.298987	0.272815	0.247348	0.222770	0.199229	0.176831	0.155640	0.135683	0.116950	0.099395	0.082940	0.067482	0.052891	0.039019	0.025699	0.012755	0.000000	-0.012755	
-0.013636	0.000000	0.013636	0.027446	0.041601	0.056261	0.071574	0.087670	0.104659	0.122623	0.141617	0.161663	0.182747	0.204820	0.227793	0.251540	0.275898	0.300665	0.325607	0.350463	0.374945	0.398747	0.421553	0.443043	0.462898	0.480816	0.496513	0.509732	0.520256	0.527904	0.532548	0.534105	0.532550	0.527910	0.520265	0.509747	0.496534	0.480847	0.462942	0.443105	0.421641	0.398868	0.375111	0.350688	0.325909	0.301065	0.276425	0.252229	0.228683	0.205960	0.184196	0.163487	0.143896	0.125445	0.108125	0.091894	0.076682	0.062390	0.048900	0.036074	0.023760	0.011792	0.000000	-0.011792	
-0.012476	0.000000	0.012476	0.025111	0.038062	0.051474	0.065484	0.080211	0.095755	0.112191	0.129568	0.147908	0.167199	0.187393	0.208412	0.230139	0.252424	0.275084	0.297904	0.320646	0.343045	0.364822	0.385687	0.405348	0.423515	0.439908	0.454269	0.466364	0.475992	0.482990	0.487238	0.488663	0.487241	0.482995	0.476001	0.466377	0.454289	0.439936	0.423555	0.405406	0.385767	0.364932	0.343196	0.320851	0.298180	0.275450	0.252907	0.230769	0.209227	0.188437	0.168524	0.149578	0.131653	0.114772	0.098926	0.084076	0.070157	0.057082	0.044740	0.033005	0.021738	0.010789	0.000000	-0.010789	
-0.011296	0.000000	0.011296	0.022736	0.034461	0.046605	0.059289	0.072623	0.086696	0.101577	0.117311	0.133916	0.151381	0.169666	0.188696	0.208368	0.228544	0.249060	0.269722	0.290312	0.310592	0.330309	0.349201	0.367002	0.383449	0.398292	0.411294	0.422245	0.430962	0.437298	0.441145	0.442435	0.441147	0.437303	0.430970	0.422257	0.411312	0.398318	0.383486	0.367053	0.349273	0.330409	0.310729	0.290498	0.269972	0.249392	0.228982	0.208938	0.189433	0.170611	0.152582	0.135427	0.119198	0.103914	0.089567	0.076122	0.063520	0.051682	0.040507	0.029883	0.019682	0.009768	0.000000	-0.009768	
-0.010121	0.000000	0.010121	0.020371	0.030876	0.041757	0.053122	0.065069	0.077678	0.091011	0.105108	0.119986	0.135634	0.152016	0.169067	0.186692	0.204770	0.223152	0.241665	0.260113	0.278283	0.295949	0.312876	0.328825	0.343562	0.356860	0.368510	0.378322	0.386132	0.391809	0.395255	0.396411	0.395257	0.391813	0.386139	0.378332	0.368526	0.356883	0.343594	0.328871	0.312941	0.296039	0.278406	0.260279	0.241888	0.223450	0.205162	0.187203	0.169728	0.152863	0.136709	0.121340	0.106799	0.093105	0.080250	0.068204	0.056913	0.046306	0.036293	0.026774	0.017634	0.008752	0.000000	-0.008752	
-0.008973	0.000000	0.008973	0.018062	0.027376	0.037024	0.047101	0.057693	0.068873	0.080695	0.093194	0.106386	0.120260	0.134786	0.149904	0.165531	0.181560	0.197858	0.214273	0.230629	0.246740	0.262404	0.277412	0.291553	0.304620	0.316411	0.326740	0.335440	0.342365	0.347398	0.350454	0.351479	0.350456	0.347402	0.342371	0.335449	0.326754	0.316431	0.304649	0.291594	0.277469	0.262483	0.246849	0.230777	0.214471	0.198122	0.181907	0.165984	0.150490	0.135536	0.121214	0.107586	0.094693	0.082552	0.071154	0.060473	0.050462	0.041057	0.032180	0.023739	0.015636	0.007760	0.000000	-0.007760	
-0.007874	0.000000	0.007874	0.015848	0.024021	0.032485	0.041327	0.050622	0.060431	0.070804	0.081771	0.093345	0.105519	0.118264	0.131529	0.145241	0.159305	0.173606	0.188008	0.202360	0.216496	0.230240	0.243408	0.255816	0.267281	0.277627	0.286690	0.294323	0.300400	0.304816	0.307497	0.308396	0.307499	0.304819	0.300405	0.294332	0.286702	0.277645	0.267306	0.255852	0.243459	0.230310	0.216592	0.202490	0.188182	0.173837	0.159610	0.145639	0.132043	0.118923	0.106356	0.094399	0.083086	0.072433	0.062432	0.053061	0.044277	0.036024	0.028235	0.020830	0.013719	0.006809	0.000000	-0.006809	
-0.006837	0.000000	0.006837	0.013761	0.020857	0.028207	0.035884	0.043954	0.052472	0.061478	0.071001	0.081051	0.091622	0.102688	0.114206	0.126112	0.138324	0.150741	0.163246	0.175708	0.187982	0.199916	0.211350	0.222124	0.232078	0.241062	0.248931	0.255559	0.260835	0.264670	0.266998	0.267779	0.266999	0.264673	0.260840	0.255566	0.248942	0.241077	0.232101	0.222155	0.211394	0.199977	0.188065	0.175821	0.163398	0.150942	0.138589	0.126457	0.114653	0.103260	0.092348	0.081966	0.072143	0.062893	0.054210	0.046072	0.038445	0.031280	0.024517	0.018086	0.011912	0.005912	0.000000	-0.005912	
-0.005874	0.000000	0.005874	0.011824	0.017922	0.024237	0.030834	0.037768	0.045087	0.052826	0.061008	0.069644	0.078727	0.088236	0.098133	0.108363	0.118856	0.129526	0.140271	0.150979	0.161525	0.171779	0.181604	0.190862	0.199415	0.207134	0.213896	0.219591	0.224125	0.227420	0.229420	0.230091	0.229421	0.227422	0.224129	0.219598	0.213906	0.207148	0.199434	0.190889	0.181642	0.171832	0.161597	0.151075	0.140401	0.129698	0.119083	0.108660	0.098516	0.088727	0.079351	0.070430	0.061990	0.054041	0.046580	0.039588	0.033034	0.026877	0.021066	0.015541	0.010236	0.005080	0.000000	-0.005080	
-0.004995	0.000000	0.004995	0.010054	0.015239	0.020609	0.026219	0.032115	0.038338	0.044919	0.051876	0.059219	0.066943	0.075028	0.083444	0.092143	0.101065	0.110138	0.119275	0.128380	0.137348	0.146067	0.154421	0.162293	0.169566	0.176130	0.181880	0.186722	0.190577	0.193379	0.195080	0.195650	0.195081	0.193381	0.190580	0.186727	0.181887	0.176141	0.169582	0.162316	0.154453	0.146111	0.137408	0.128462	0.119385	0.110284	0.101259	0.092395	0.083770	0.075446	0.067474	0.059888	0.052711	0.045952	0.039608	0.033662	0.028090	0.022854	0.017913	0.013215	0.008704	0.004320	0.000000	-0.004320	
-0.004203	0.000000	0.004203	0.008460	0.012823	0.017342	0.022062	0.027024	0.032260	0.037798	0.043652	0.049831	0.056330	0.063134	0.070215	0.077535	0.085043	0.092677	0.100366	0.108027	0.115574	0.122910	0.129940	0.136564	0.142684	0.148207	0.153046	0.157121	0.160364	0.162722	0.164153	0.164633	0.164154	0.162724	0.160367	0.157125	0.153052	0.148217	0.142698	0.136583	0.129967	0.122948	0.115625	0.108097	0.100459	0.092801	0.085206	0.077747	0.070490	0.063486	0.056777	0.050394	0.044355	0.038667	0.033329	0.028326	0.023636	0.019231	0.015073	0.011120	0.007324	0.003635	0.000000	-0.003635	
-0.003500	0.000000	0.003500	0.007045	0.010678	0.014441	0.018371	0.022503	0.026864	0.031475	0.036350	0.041495	0.046907	0.052572	0.058469	0.064564	0.070816	0.077173	0.083576	0.089956	0.096239	0.102349	0.108203	0.113718	0.118815	0.123414	0.127443	0.130836	0.133537	0.135500	0.136692	0.137092	0.136693	0.135502	0.133540	0.130840	0.127448	0.123422	0.118826	0.113734	0.108225	0.102380	0.096282	0.090013	0.083653	0.077276	0.070952	0.064741	0.058697	0.052865	0.047279	0.041963	0.036935	0.032199	0.027753	0.023587	0.019682	0.016014	0.012551	0.009259	0.006099	0.003027	0.000000	-0.003027	
-0.002884	0.000000	0.002884	0.005805	0.008799	0.011900	0.015139	0.018543	0.022137	0.025936	0.029954	0.034194	0.038653	0.043322	0.048181	0.053204	0.058356	0.063594	0.068870	0.074127	0.079306	0.084340	0.089164	0.093709	0.097909	0.101699	0.105019	0.107815	0.110041	0.111658	0.112641	0.112970	0.112641	0.111660	0.110043	0.107818	0.105023	0.101705	0.097918	0.093722	0.089182	0.084366	0.079341	0.074175	0.068934	0.063679	0.058467	0.053350	0.048369	0.043563	0.038960	0.034580	0.030436	0.026533	0.022870	0.019437	0.016219	0.013196	0.010343	0.007630	0.005025	0.002494	0.000000	-0.002494	
-0.002352	0.000000	0.002352	0.004734	0.007175	0.009704	0.012345	0.015122	0.018052	0.021150	0.024427	0.027884	0.031521	0.035328	0.039290	0.043386	0.047587	0.051859	0.056161	0.060449	0.064671	0.068777	0.072710	0.076417	0.079842	0.082932	0.085640	0.087920	0.089735	0.091054	0.091855	0.092124	0.091855	0.091055	0.089736	0.087922	0.085643	0.082937	0.079849	0.076428	0.072726	0.068798	0.064700	0.060487	0.056213	0.051928	0.047678	0.043505	0.039444	0.035524	0.031771	0.028199	0.024819	0.021637	0.018650	0.015850	0.013226	0.010761	0.008434	0.006222	0.004098	0.002034	0.000000	-0.002034	
-0.001898	0.000000	0.001898	0.003820	0.005790	0.007831	0.009962	0.012203	0.014568	0.017068	0.019712	0.022502	0.025437	0.028509	0.031707	0.035012	0.038402	0.041850	0.045321	0.048781	0.052189	0.055502	0.058676	0.061667	0.064431	0.066925	0.069110	0.070950	0.072414	0.073479	0.074125	0.074342	0.074126	0.073480	0.072416	0.070952	0.069113	0.066929	0.064437	0.061676	0.058688	0.055519	0.052212	0.048812	0.045363	0.041905	0.038476	0.035108	0.031830	0.028668	0.025638	0.022756	0.020029	0.017461	0.015050	0.012791	0.010673	0.008684	0.006806	0.005021	0.003307	0.001641	0.000000	-0.001641	
-0.001516	0.000000	0.001516	0.003051	0.004624	0.006254	0.007956	0.009745	0.011633	0.013630	0.015742	0.017970	0.020313	0.022767	0.025320	0.027960	0.030668	0.033420	0.036193	0.038956	0.041677	0.044323	0.046858	0.049247	0.051454	0.053445	0.055190	0.056659	0.057829	0.058679	0.059195	0.059369	0.059196	0.058680	0.057830	0.056661	0.055192	0.053449	0.051458	0.049253	0.046868	0.044336	0.041696	0.038981	0.036226	0.033465	0.030726	0.028037	0.025419	0.022894	0.020474	0.018173	0.015995	0.013944	0.012019	0.010215	0.008524	0.006935	0.005436	0.004010	0.002641	0.001311	0.000000	-0.001311	
-0.001198	0.000000	0.001198	0.002411	0.003654	0.004942	0.006287	0.007701	0.009194	0.010772	0.012440	0.014201	0.016053	0.017992	0.020010	0.022096	0.024236	0.026411	0.028602	0.030786	0.032936	0.035027	0.037031	0.038918	0.040662	0.042236	0.043615	0.044777	0.045701	0.046373	0.046781	0.046917	0.046781	0.046373	0.045702	0.044778	0.043617	0.042239	0.040666	0.038924	0.037038	0.035038	0.032951	0.030806	0.028629	0.026447	0.024282	0.022157	0.020088	0.018092	0.016180	0.014361	0.012640	0.011020	0.009498	0.008072	0.006736	0.005481	0.004296	0.003169	0.002087	0.001036	0.000000	-0.001036	
-0.000937	0.000000	0.000937	0.001886	0.002858	0.003865	0.004917	0.006023	0.007190	0.008424	0.009729	0.011106	0.012554	0.014071	0.015649	0.017280	0.018954	0.020655	0.022369	0.024076	0.025758	0.027393	0.028960	0.030436	0.031800	0.033031	0.034109	0.035018	0.035740	0.036266	0.036585	0.036692	0.036585	0.036266	0.035741	0.035019	0.034111	0.033033	0.031803	0.030440	0.028966	0.027401	0.025769	0.024092	0.022389	0.020683	0.018990	0.017328	0.015710	0.014149	0.012654	0.011231	0.009885	0.008618	0.007428	0.006313	0.005268	0.004286	0.003359	0.002478	0.001632	0.000810	0.000000	-0.000810	
-0.000725	0.000000	0.000725	0.001459	0.002212	0.002991	0.003805	0.004661	0.005564	0.006519	0.007529	0.008595	0.009716	0.010889	0.012111	0.013373	0.014668	0.015985	0.017311	0.018633	0.019934	0.021200	0.022412	0.023555	0.024611	0.025563	0.026398	0.027100	0.027660	0.028067	0.028313	0.028396	0.028314	0.028067	0.027660	0.027101	0.026399	0.025565	0.024613	0.023558	0.022417	0.021206	0.019943	0.018645	0.017327	0.016006	0.014696	0.013410	0.012158	0.010950	0.009793	0.008692	0.007650	0.006669	0.005749	0.004886	0.004077	0.003317	0.002600	0.001918	0.001263	0.000627	0.000000	-0.000627	
-0.000555	0.000000	0.000555	0.001118	0.001694	0.002291	0.002914	0.003570	0.004262	0.004993	0.005766	0.006583	0.007441	0.008340	0.009275	0.010242	0.011234	0.012242	0.013258	0.014270	0.015267	0.016236	0.017165	0.018040	0.018848	0.019578	0.020217	0.020755	0.021184	0.021495	0.021684	0.021748	0.021684	0.021495	0.021184	0.020756	0.020218	0.019579	0.018850	0.018042	0.017168	0.016241	0.015274	0.014279	0.013270	0.012259	0.011255	0.010270	0.009311	0.008386	0.007500	0.006657	0.005859	0.005108	0.004403	0.003742	0.003122	0.002540	0.001991	0.001469	0.000967	0.000480	0.000000	-0.000480	
-0.000421	0.000000	0.000421	0.000847	0.001284	0.001736	0.002209	0.002705	0.003230	0.003784	0.004370	0.004989	0.005639	0.006321	0.007030	0.007762	0.008514	0.009278	0.010048	0.010815	0.011571	0.012305	0.013009	0.013672	0.014285	0.014838	0.015322	0.015730	0.016055	0.016291	0.016434	0.016482	0.016434	0.016291	0.016055	0.015731	0.015323	0.014839	0.014286	0.013674	0.013012	0.012309	0.011576	0.010822	0.010057	0.009291	0.008530	0.007784	0.007057	0.006356	0.005684	0.005045	0.004441	0.003871	0.003337	0.002836	0.002366	0.001925	0.001509	0.001113	0.000733	0.000364	0.000000	-0.000364	
-0.000316	0.000000	0.000316	0.000635	0.000963	0.001302	0.001657	0.002029	0.002422	0.002838	0.003278	0.003742	0.004230	0.004741	0.005272	0.005822	0.006386	0.006959	0.007536	0.008111	0.008678	0.009229	0.009757	0.010254	0.010714	0.011128	0.011492	0.011798	0.012041	0.012218	0.012326	0.012362	0.012326	0.012218	0.012041	0.011798	0.011492	0.011129	0.010715	0.010256	0.009759	0.009232	0.008682	0.008117	0.007543	0.006968	0.006398	0.005838	0.005293	0.004767	0.004263	0.003784	0.003330	0.002903	0.002503	0.002127	0.001775	0.001444	0.001132	0.000835	0.000550	0.000273	0.000000	-0.000273	
-0.000234	0.000000	0.000234	0.000471	0.000715	0.000966	0.001229	0.001506	0.001798	0.002106	0.002433	0.002777	0.003139	0.003518	0.003913	0.004321	0.004739	0.005165	0.005593	0.006020	0.006441	0.006850	0.007241	0.007611	0.007952	0.008259	0.008529	0.008756	0.008937	0.009068	0.009148	0.009175	0.009148	0.009068	0.008937	0.008756	0.008529	0.008260	0.007952	0.007612	0.007243	0.006852	0.006444	0.006024	0.005598	0.005172	0.004748	0.004333	0.003928	0.003538	0.003164	0.002808	0.002472	0.002155	0.001857	0.001579	0.001317	0.001072	0.000840	0.000620	0.000408	0.000203	0.000000	-0.000203	
-0.000172	0.000000	0.000172	0.000346	0.000525	0.000710	0.000903	0.001106	0.001320	0.001547	0.001787	0.002040	0.002306	0.002584	0.002874	0.003174	0.003481	0.003793	0.004108	0.004422	0.004731	0.005031	0.005319	0.005590	0.005840	0.006066	0.006264	0.006431	0.006564	0.006660	0.006719	0.006739	0.006719	0.006660	0.006564	0.006431	0.006265	0.006067	0.005841	0.005590	0.005320	0.005032	0.004733	0.004425	0.004112	0.003798	0.003488	0.003182	0.002885	0.002599	0.002324	0.002063	0.001816	0.001583	0.001364	0.001159	0.000967	0.000787	0.000617	0.000455	0.000300	0.000149	0.000000	-0.000149	
-0.000149	-0.000000	0.000149	0.000298	0.000450	0.000604	0.000761	0.000923	0.001089	0.001259	0.001435	0.001615	0.001800	0.001988	0.002179	0.002373	0.002567	0.002760	0.002952	0.003139	0.003321	0.003495	0.003660	0.003814	0.003954	0.004080	0.004189	0.004280	0.004353	0.004405	0.004437	0.004448	0.004437	0.004406	0.004353	0.004281	0.004190	0.004081	0.003956	0.003816	0.003663	0.003499	0.003325	0.003145	0.002959	0.002769	0.002578	0.002386	0.002196	0.002008	0.001824	0.001645	0.001470	0.001301	0.001138	0.000981	0.000829	0.000682	0.000540	0.000401	0.000266	0.000132	-0.000000	-0.000132	
-0.000192	0.000000	0.000192	0.000386	0.000582	0.000784	0.000991	0.001206	0.001429	0.001660	0.001900	0.002150	0.002408	0.002674	0.002947	0.003226	0.003508	0.003791	0.004074	0.004353	0.004626	0.004888	0.005139	0.005373	0.005588	0.005782	0.005950	0.006092	0.006204	0.006286	0.006335	0.006352	0.006336	0.006286	0.006205	0.006093	0.005951	0.005783	0.005590	0.005375	0.005141	0.004892	0.004630	0.004359	0.004082	0.003801	0.003520	0.003241	0.002966	0.002697	0.002436	0.002184	0.001942	0.001710	0.001488	0.001276	0.001074	0.000881	0.000695	0.000515	0.000341	0.000170	0.000000	-0.000170	
